,RATE A,RATE B,RATE C,Total
01/04/2018 00.15,,,117.98,117.98
01/04/2018 00.30,,,119.36,119.36
01/04/2018 00.45,,,122.33,122.33
01/04/2018 01.00,,,125.12,125.12
01/04/2018 01.15,,,127.98,127.98
01/04/2018 01.30,,,125.23,125.23
01/04/2018 01.45,,,124.91,124.91
01/04/2018 02.00,,,121.44,121.44
01/04/2018 02.15,,,120.07,120.07
01/04/2018 02.30,,,120.69,120.69
01/04/2018 02.45,,,117.02,117.02
01/04/2018 03.00,,,115.56,115.56
01/04/2018 03.15,,,116.14,116.14
01/04/2018 03.30,,,113.8,113.8
01/04/2018 03.45,,,112.99,112.99
01/04/2018 04.00,,,112.01,112.01
01/04/2018 04.15,,,112.7,112.7
01/04/2018 04.30,,,109.53,109.53
01/04/2018 04.45,,,106.17,106.17
01/04/2018 05.00,,,105.25,105.25
01/04/2018 05.15,,,106.44,106.44
01/04/2018 05.30,,,107.28,107.28
01/04/2018 05.45,,,105.4,105.4
01/04/2018 06.00,,,103.57,103.57
01/04/2018 06.15,,,103.85,103.85
01/04/2018 06.30,,,102.86,102.86
01/04/2018 06.45,,,97.16,97.16
01/04/2018 07.00,,,94.11,94.11
01/04/2018 07.15,,,90.69,90.69
01/04/2018 07.30,,,89.11,89.11
01/04/2018 07.45,,,87.56,87.56
01/04/2018 08.00,,,85.72,85.72
01/04/2018 08.15,,,84.19,84.19
01/04/2018 08.30,,,83.06,83.06
01/04/2018 08.45,,,80.09,80.09
01/04/2018 09.00,,,80.79,80.79
01/04/2018 09.15,,,80.72,80.72
01/04/2018 09.30,,,79.87,79.87
01/04/2018 09.45,,,77.48,77.48
01/04/2018 10.00,,,73.91,73.91
01/04/2018 10.15,,,70.93,70.93
01/04/2018 10.30,,,71.01,71.01
01/04/2018 10.45,,,70.51,70.51
01/04/2018 11.00,,,67.96,67.96
01/04/2018 11.15,,,65.35,65.35
01/04/2018 11.30,,,65.67,65.67
01/04/2018 11.45,,,59.93,59.93
01/04/2018 12.00,,,61.3,61.3
01/04/2018 12.15,,,59.54,59.54
01/04/2018 12.30,,,62.75,62.75
01/04/2018 12.45,,,64.5,64.5
01/04/2018 13.00,,,63.71,63.71
01/04/2018 13.15,,,67.12,67.12
01/04/2018 13.30,,,68.8,68.8
01/04/2018 13.45,,,65.04,65.04
01/04/2018 14.00,,,62.54,62.54
01/04/2018 14.15,,,64.75,64.75
01/04/2018 14.30,,,62.92,62.92
01/04/2018 14.45,,,64.87,64.87
01/04/2018 15.00,,,63.88,63.88
01/04/2018 15.15,,,62.79,62.79
01/04/2018 15.30,,,62.17,62.17
01/04/2018 15.45,,,66.32,66.32
01/04/2018 16.00,,,67.54,67.54
01/04/2018 16.15,,,68.38,68.38
01/04/2018 16.30,,,71.77,71.77
01/04/2018 16.45,,,75.88,75.88
01/04/2018 17.00,,,78.85,78.85
01/04/2018 17.15,,,77.53,77.53
01/04/2018 17.30,,,79.25,79.25
01/04/2018 17.45,,,81.2,81.2
01/04/2018 18.00,,,81.98,81.98
01/04/2018 18.15,,,82.87,82.87
01/04/2018 18.30,,,83.4,83.4
01/04/2018 18.45,,,83.99,83.99
01/04/2018 19.00,,,82.17,82.17
01/04/2018 19.15,,,85.04,85.04
01/04/2018 19.30,,,88.66,88.66
01/04/2018 19.45,,,90.09,90.09
01/04/2018 20.00,,,91.4,91.4
01/04/2018 20.15,,,97.62,97.62
01/04/2018 20.30,,,99.62,99.62
01/04/2018 20.45,,,101.49,101.49
01/04/2018 21.00,,,104.7,104.7
01/04/2018 21.15,,,105.94,105.94
01/04/2018 21.30,,,115.17,115.17
01/04/2018 21.45,,,117.48,117.48
01/04/2018 22.00,,,122.11,122.11
01/04/2018 22.15,,,128.7,128.7
01/04/2018 22.30,,,136.91,136.91
01/04/2018 22.45,,,136.89,136.89
01/04/2018 23.00,,,139.3,139.3
01/04/2018 23.15,,,142.89,142.89
01/04/2018 23.30,,,145.06,145.06
01/04/2018 23.45,,,148.78,148.78
01/04/2018 24.00,,,154.7,154.7
02/04/2018 00.15,,157.36,,157.36
02/04/2018 00.30,,160.7,,160.7
02/04/2018 00.45,,162.12,,162.12
02/04/2018 01.00,,165.51,,165.51
02/04/2018 01.15,,162.72,,162.72
02/04/2018 01.30,,158.84,,158.84
02/04/2018 01.45,,157.26,,157.26
02/04/2018 02.00,,151.31,,151.31
02/04/2018 02.15,,148.36,,148.36
02/04/2018 02.30,,147.56,,147.56
02/04/2018 02.45,,145.3,,145.3
02/04/2018 03.00,,138.65,,138.65
02/04/2018 03.15,,136.39,,136.39
02/04/2018 03.30,,135.17,,135.17
02/04/2018 03.45,,133.01,,133.01
02/04/2018 04.00,,133.28,,133.28
02/04/2018 04.15,,129.6,,129.6
02/04/2018 04.30,,126.6,,126.6
02/04/2018 04.45,,124.85,,124.85
02/04/2018 05.00,,122.69,,122.69
02/04/2018 05.15,,125.98,,125.98
02/04/2018 05.30,,122.52,,122.52
02/04/2018 05.45,,121.28,,121.28
02/04/2018 06.00,,122.36,,122.36
02/04/2018 06.15,,122.85,,122.85
02/04/2018 06.30,,121.65,,121.65
02/04/2018 06.45,,113.56,,113.56
02/04/2018 07.00,,114.82,,114.82
02/04/2018 07.15,,115.11,,115.11
02/04/2018 07.30,,115.72,,115.72
02/04/2018 07.45,,118.41,,118.41
02/04/2018 08.00,,119.44,,119.44
02/04/2018 08.15,,126.2,,126.2
02/04/2018 08.30,,118.49,,118.49
02/04/2018 08.45,,121.8,,121.8
02/04/2018 09.00,,116.93,,116.93
02/04/2018 09.15,110.3,,,110.3
02/04/2018 09.30,101.95,,,101.95
02/04/2018 09.45,91.45,,,91.45
02/04/2018 10.00,93.24,,,93.24
02/04/2018 10.15,92.11,,,92.11
02/04/2018 10.30,89.33,,,89.33
02/04/2018 10.45,83.09,,,83.09
02/04/2018 11.00,82.66,,,82.66
02/04/2018 11.15,83.12,,,83.12
02/04/2018 11.30,83.27,,,83.27
02/04/2018 11.45,82.16,,,82.16
02/04/2018 12.00,77.12,,,77.12
02/04/2018 12.15,73.2,,,73.2
02/04/2018 12.30,75.06,,,75.06
02/04/2018 12.45,78.19,,,78.19
02/04/2018 13.00,75.67,,,75.67
02/04/2018 13.15,72.62,,,72.62
02/04/2018 13.30,73.06,,,73.06
02/04/2018 13.45,68.61,,,68.61
02/04/2018 14.00,73.35,,,73.35
02/04/2018 14.15,76.24,,,76.24
02/04/2018 14.30,76.41,,,76.41
02/04/2018 14.45,74.58,,,74.58
02/04/2018 15.00,81.48,,,81.48
02/04/2018 15.15,81.58,,,81.58
02/04/2018 15.30,82.74,,,82.74
02/04/2018 15.45,84.53,,,84.53
02/04/2018 16.00,87.14,,,87.14
02/04/2018 16.15,88.87,,,88.87
02/04/2018 16.30,88.9,,,88.9
02/04/2018 16.45,89.04,,,89.04
02/04/2018 17.00,91.49,,,91.49
02/04/2018 17.15,95.41,,,95.41
02/04/2018 17.30,92.43,,,92.43
02/04/2018 17.45,90.67,,,90.67
02/04/2018 18.00,100.49,,,100.49
02/04/2018 18.15,101.3,,,101.3
02/04/2018 18.30,106.06,,,106.06
02/04/2018 18.45,104.53,,,104.53
02/04/2018 19.00,105.43,,,105.43
02/04/2018 19.15,109.03,,,109.03
02/04/2018 19.30,111.27,,,111.27
02/04/2018 19.45,115.11,,,115.11
02/04/2018 20.00,118.33,,,118.33
02/04/2018 20.15,115.59,,,115.59
02/04/2018 20.30,114.88,,,114.88
02/04/2018 20.45,118.64,,,118.64
02/04/2018 21.00,121.98,,,121.98
02/04/2018 21.15,131.59,,,131.59
02/04/2018 21.30,131.14,,,131.14
02/04/2018 21.45,136.59,,,136.59
02/04/2018 22.00,136.46,,,136.46
02/04/2018 22.15,,144.94,,144.94
02/04/2018 22.30,,145.43,,145.43
02/04/2018 22.45,,141.51,,141.51
02/04/2018 23.00,,144.23,,144.23
02/04/2018 23.15,,147.54,,147.54
02/04/2018 23.30,,149.07,,149.07
02/04/2018 23.45,,150.39,,150.39
02/04/2018 24.00,,157.75,,157.75
03/04/2018 00.15,,164.38,,164.38
03/04/2018 00.30,,173.8,,173.8
03/04/2018 00.45,,173.76,,173.76
03/04/2018 01.00,,170.49,,170.49
03/04/2018 01.15,,173.8,,173.8
03/04/2018 01.30,,167.57,,167.57
03/04/2018 01.45,,160.38,,160.38
03/04/2018 02.00,,159.26,,159.26
03/04/2018 02.15,,154.59,,154.59
03/04/2018 02.30,,149.73,,149.73
03/04/2018 02.45,,145.73,,145.73
03/04/2018 03.00,,142.3,,142.3
03/04/2018 03.15,,141.14,,141.14
03/04/2018 03.30,,137.73,,137.73
03/04/2018 03.45,,135.12,,135.12
03/04/2018 04.00,,130.93,,130.93
03/04/2018 04.15,,130.57,,130.57
03/04/2018 04.30,,127.09,,127.09
03/04/2018 04.45,,126.65,,126.65
03/04/2018 05.00,,122.64,,122.64
03/04/2018 05.15,,121.73,,121.73
03/04/2018 05.30,,123.36,,123.36
03/04/2018 05.45,,121.01,,121.01
03/04/2018 06.00,,118.57,,118.57
03/04/2018 06.15,,117.28,,117.28
03/04/2018 06.30,,114.82,,114.82
03/04/2018 06.45,,112.72,,112.72
03/04/2018 07.00,,109.53,,109.53
03/04/2018 07.15,,110.27,,110.27
03/04/2018 07.30,,115.43,,115.43
03/04/2018 07.45,,110.11,,110.11
03/04/2018 08.00,,114.78,,114.78
03/04/2018 08.15,,116.98,,116.98
03/04/2018 08.30,,117.98,,117.98
03/04/2018 08.45,,114.35,,114.35
03/04/2018 09.00,,112.38,,112.38
03/04/2018 09.15,103.94,,,103.94
03/04/2018 09.30,93.54,,,93.54
03/04/2018 09.45,84.4,,,84.4
03/04/2018 10.00,73.79,,,73.79
03/04/2018 10.15,81.87,,,81.87
03/04/2018 10.30,76.06,,,76.06
03/04/2018 10.45,72.09,,,72.09
03/04/2018 11.00,70.54,,,70.54
03/04/2018 11.15,67.88,,,67.88
03/04/2018 11.30,66.93,,,66.93
03/04/2018 11.45,63.01,,,63.01
03/04/2018 12.00,65.74,,,65.74
03/04/2018 12.15,71.59,,,71.59
03/04/2018 12.30,71.08,,,71.08
03/04/2018 12.45,73.61,,,73.61
03/04/2018 13.00,75.51,,,75.51
03/04/2018 13.15,77.66,,,77.66
03/04/2018 13.30,77.27,,,77.27
03/04/2018 13.45,85.17,,,85.17
03/04/2018 14.00,88.33,,,88.33
03/04/2018 14.15,83.28,,,83.28
03/04/2018 14.30,84.56,,,84.56
03/04/2018 14.45,85.51,,,85.51
03/04/2018 15.00,92.22,,,92.22
03/04/2018 15.15,91.2,,,91.2
03/04/2018 15.30,95.22,,,95.22
03/04/2018 15.45,98.01,,,98.01
03/04/2018 16.00,93.98,,,93.98
03/04/2018 16.15,93.59,,,93.59
03/04/2018 16.30,90.85,,,90.85
03/04/2018 16.45,90.28,,,90.28
03/04/2018 17.00,92.24,,,92.24
03/04/2018 17.15,97.59,,,97.59
03/04/2018 17.30,96.66,,,96.66
03/04/2018 17.45,97.27,,,97.27
03/04/2018 18.00,101.62,,,101.62
03/04/2018 18.15,104.65,,,104.65
03/04/2018 18.30,105.65,,,105.65
03/04/2018 18.45,110.57,,,110.57
03/04/2018 19.00,107.69,,,107.69
03/04/2018 19.15,101.53,,,101.53
03/04/2018 19.30,104.53,,,104.53
03/04/2018 19.45,105.83,,,105.83
03/04/2018 20.00,108.19,,,108.19
03/04/2018 20.15,112.23,,,112.23
03/04/2018 20.30,112.59,,,112.59
03/04/2018 20.45,116.44,,,116.44
03/04/2018 21.00,123.3,,,123.3
03/04/2018 21.15,126.72,,,126.72
03/04/2018 21.30,132.98,,,132.98
03/04/2018 21.45,137.39,,,137.39
03/04/2018 22.00,143.06,,,143.06
03/04/2018 22.15,,154.8,,154.8
03/04/2018 22.30,,160.52,,160.52
03/04/2018 22.45,,163.46,,163.46
03/04/2018 23.00,,167.25,,167.25
03/04/2018 23.15,,174.18,,174.18
03/04/2018 23.30,,178.99,,178.99
03/04/2018 23.45,,183.57,,183.57
03/04/2018 24.00,,190.52,,190.52
04/04/2018 00.15,,198.26,,198.26
04/04/2018 00.30,,201.31,,201.31
04/04/2018 00.45,,204.29,,204.29
04/04/2018 01.00,,209.68,,209.68
04/04/2018 01.15,,204.31,,204.31
04/04/2018 01.30,,198.78,,198.78
04/04/2018 01.45,,196.16,,196.16
04/04/2018 02.00,,192.17,,192.17
04/04/2018 02.15,,186.23,,186.23
04/04/2018 02.30,,181.91,,181.91
04/04/2018 02.45,,180.96,,180.96
04/04/2018 03.00,,177.15,,177.15
04/04/2018 03.15,,172.31,,172.31
04/04/2018 03.30,,168.6,,168.6
04/04/2018 03.45,,168.12,,168.12
04/04/2018 04.00,,164.73,,164.73
04/04/2018 04.15,,165.09,,165.09
04/04/2018 04.30,,163.36,,163.36
04/04/2018 04.45,,158.73,,158.73
04/04/2018 05.00,,158.2,,158.2
04/04/2018 05.15,,155.78,,155.78
04/04/2018 05.30,,155.91,,155.91
04/04/2018 05.45,,155.28,,155.28
04/04/2018 06.00,,156.36,,156.36
04/04/2018 06.15,,150.05,,150.05
04/04/2018 06.30,,146.33,,146.33
04/04/2018 06.45,,140.01,,140.01
04/04/2018 07.00,,143.41,,143.41
04/04/2018 07.15,,139.83,,139.83
04/04/2018 07.30,,144.72,,144.72
04/04/2018 07.45,,142.96,,142.96
04/04/2018 08.00,,136.14,,136.14
04/04/2018 08.15,,135.3,,135.3
04/04/2018 08.30,,128.19,,128.19
04/04/2018 08.45,,128.89,,128.89
04/04/2018 09.00,,122.27,,122.27
04/04/2018 09.15,119.43,,,119.43
04/04/2018 09.30,112.83,,,112.83
04/04/2018 09.45,110.54,,,110.54
04/04/2018 10.00,100.28,,,100.28
04/04/2018 10.15,82.49,,,82.49
04/04/2018 10.30,83.74,,,83.74
04/04/2018 10.45,79.9,,,79.9
04/04/2018 11.00,73.82,,,73.82
04/04/2018 11.15,72.59,,,72.59
04/04/2018 11.30,75.74,,,75.74
04/04/2018 11.45,78.33,,,78.33
04/04/2018 12.00,70.48,,,70.48
04/04/2018 12.15,73.77,,,73.77
04/04/2018 12.30,79.24,,,79.24
04/04/2018 12.45,77.51,,,77.51
04/04/2018 13.00,68.93,,,68.93
04/04/2018 13.15,68.09,,,68.09
04/04/2018 13.30,79.74,,,79.74
04/04/2018 13.45,79.35,,,79.35
04/04/2018 14.00,74.2,,,74.2
04/04/2018 14.15,78.41,,,78.41
04/04/2018 14.30,71.3,,,71.3
04/04/2018 14.45,71.5,,,71.5
04/04/2018 15.00,71.93,,,71.93
04/04/2018 15.15,73.08,,,73.08
04/04/2018 15.30,78.35,,,78.35
04/04/2018 15.45,79.24,,,79.24
04/04/2018 16.00,79.14,,,79.14
04/04/2018 16.15,81.49,,,81.49
04/04/2018 16.30,87.09,,,87.09
04/04/2018 16.45,87.27,,,87.27
04/04/2018 17.00,85.59,,,85.59
04/04/2018 17.15,91.07,,,91.07
04/04/2018 17.30,93.06,,,93.06
04/04/2018 17.45,90.51,,,90.51
04/04/2018 18.00,91.41,,,91.41
04/04/2018 18.15,91.77,,,91.77
04/04/2018 18.30,93.24,,,93.24
04/04/2018 18.45,92.51,,,92.51
04/04/2018 19.00,93.28,,,93.28
04/04/2018 19.15,96.57,,,96.57
04/04/2018 19.30,93.32,,,93.32
04/04/2018 19.45,97.9,,,97.9
04/04/2018 20.00,99.24,,,99.24
04/04/2018 20.15,101.75,,,101.75
04/04/2018 20.30,103.35,,,103.35
04/04/2018 20.45,106.96,,,106.96
04/04/2018 21.00,104.27,,,104.27
04/04/2018 21.15,105.94,,,105.94
04/04/2018 21.30,112.48,,,112.48
04/04/2018 21.45,123.35,,,123.35
04/04/2018 22.00,126.31,,,126.31
04/04/2018 22.15,,128.01,,128.01
04/04/2018 22.30,,137.94,,137.94
04/04/2018 22.45,,143.36,,143.36
04/04/2018 23.00,,147.49,,147.49
04/04/2018 23.15,,160.83,,160.83
04/04/2018 23.30,,172.38,,172.38
04/04/2018 23.45,,182.17,,182.17
04/04/2018 24.00,,188.99,,188.99
05/04/2018 00.15,,186.84,,186.84
05/04/2018 00.30,,191.63,,191.63
05/04/2018 00.45,,195.46,,195.46
05/04/2018 01.00,,197.91,,197.91
05/04/2018 01.15,,197.71,,197.71
05/04/2018 01.30,,193.92,,193.92
05/04/2018 01.45,,188.97,,188.97
05/04/2018 02.00,,183.21,,183.21
05/04/2018 02.15,,176.31,,176.31
05/04/2018 02.30,,173.21,,173.21
05/04/2018 02.45,,168.36,,168.36
05/04/2018 03.00,,166.25,,166.25
05/04/2018 03.15,,163.88,,163.88
05/04/2018 03.30,,160.54,,160.54
05/04/2018 03.45,,156.86,,156.86
05/04/2018 04.00,,155.36,,155.36
05/04/2018 04.15,,151.18,,151.18
05/04/2018 04.30,,150.88,,150.88
05/04/2018 04.45,,146.93,,146.93
05/04/2018 05.00,,143.91,,143.91
05/04/2018 05.15,,142.67,,142.67
05/04/2018 05.30,,142.38,,142.38
05/04/2018 05.45,,141.47,,141.47
05/04/2018 06.00,,141.8,,141.8
05/04/2018 06.15,,139.33,,139.33
05/04/2018 06.30,,137.14,,137.14
05/04/2018 06.45,,128.91,,128.91
05/04/2018 07.00,,127.56,,127.56
05/04/2018 07.15,,131.46,,131.46
05/04/2018 07.30,,132.19,,132.19
05/04/2018 07.45,,131.94,,131.94
05/04/2018 08.00,,133.78,,133.78
05/04/2018 08.15,,127.98,,127.98
05/04/2018 08.30,,127.31,,127.31
05/04/2018 08.45,,122.51,,122.51
05/04/2018 09.00,,121.43,,121.43
05/04/2018 09.15,114.61,,,114.61
05/04/2018 09.30,104.27,,,104.27
05/04/2018 09.45,94.43,,,94.43
05/04/2018 10.00,91.4,,,91.4
05/04/2018 10.15,89.91,,,89.91
05/04/2018 10.30,87.43,,,87.43
05/04/2018 10.45,78.11,,,78.11
05/04/2018 11.00,76.03,,,76.03
05/04/2018 11.15,76.27,,,76.27
05/04/2018 11.30,79.93,,,79.93
05/04/2018 11.45,76.79,,,76.79
05/04/2018 12.00,84.75,,,84.75
05/04/2018 12.15,84.06,,,84.06
05/04/2018 12.30,85.3,,,85.3
05/04/2018 12.45,79.11,,,79.11
05/04/2018 13.00,77.82,,,77.82
05/04/2018 13.15,75.5,,,75.5
05/04/2018 13.30,71.9,,,71.9
05/04/2018 13.45,70.14,,,70.14
05/04/2018 14.00,71.54,,,71.54
05/04/2018 14.15,75.87,,,75.87
05/04/2018 14.30,75.64,,,75.64
05/04/2018 14.45,76.16,,,76.16
05/04/2018 15.00,82.09,,,82.09
05/04/2018 15.15,86.2,,,86.2
05/04/2018 15.30,88.53,,,88.53
05/04/2018 15.45,92.41,,,92.41
05/04/2018 16.00,92.01,,,92.01
05/04/2018 16.15,89.37,,,89.37
05/04/2018 16.30,93.28,,,93.28
05/04/2018 16.45,94.86,,,94.86
05/04/2018 17.00,99.19,,,99.19
05/04/2018 17.15,100.45,,,100.45
05/04/2018 17.30,98.49,,,98.49
05/04/2018 17.45,97.51,,,97.51
05/04/2018 18.00,90.91,,,90.91
05/04/2018 18.15,88.41,,,88.41
05/04/2018 18.30,91.11,,,91.11
05/04/2018 18.45,91.22,,,91.22
05/04/2018 19.00,91.57,,,91.57
05/04/2018 19.15,96.69,,,96.69
05/04/2018 19.30,96.33,,,96.33
05/04/2018 19.45,100.96,,,100.96
05/04/2018 20.00,101.88,,,101.88
05/04/2018 20.15,101.04,,,101.04
05/04/2018 20.30,102.59,,,102.59
05/04/2018 20.45,103.22,,,103.22
05/04/2018 21.00,102.43,,,102.43
05/04/2018 21.15,101.11,,,101.11
05/04/2018 21.30,103.99,,,103.99
05/04/2018 21.45,107.2,,,107.2
05/04/2018 22.00,107.93,,,107.93
05/04/2018 22.15,,104.85,,104.85
05/04/2018 22.30,,108.57,,108.57
05/04/2018 22.45,,108.17,,108.17
05/04/2018 23.00,,108.64,,108.64
05/04/2018 23.15,,113.94,,113.94
05/04/2018 23.30,,123.22,,123.22
05/04/2018 23.45,,130.64,,130.64
05/04/2018 24.00,,130.01,,130.01
06/04/2018 00.15,,,135.1,135.1
06/04/2018 00.30,,,137.62,137.62
06/04/2018 00.45,,,141.85,141.85
06/04/2018 01.00,,,140.09,140.09
06/04/2018 01.15,,,140.27,140.27
06/04/2018 01.30,,,140.68,140.68
06/04/2018 01.45,,,137.25,137.25
06/04/2018 02.00,,,137.7,137.7
06/04/2018 02.15,,,134.14,134.14
06/04/2018 02.30,,,135.44,135.44
06/04/2018 02.45,,,129.43,129.43
06/04/2018 03.00,,,126.73,126.73
06/04/2018 03.15,,,126.07,126.07
06/04/2018 03.30,,,125.02,125.02
06/04/2018 03.45,,,124.36,124.36
06/04/2018 04.00,,,123.15,123.15
06/04/2018 04.15,,,119.61,119.61
06/04/2018 04.30,,,118.61,118.61
06/04/2018 04.45,,,115.49,115.49
06/04/2018 05.00,,,112.44,112.44
06/04/2018 05.15,,,113.28,113.28
06/04/2018 05.30,,,113.54,113.54
06/04/2018 05.45,,,111.99,111.99
06/04/2018 06.00,,,111.48,111.48
06/04/2018 06.15,,,110.27,110.27
06/04/2018 06.30,,,106.8,106.8
06/04/2018 06.45,,,101.65,101.65
06/04/2018 07.00,,,99.38,99.38
06/04/2018 07.15,,,98.93,98.93
06/04/2018 07.30,,,99.98,99.98
06/04/2018 07.45,,,98.82,98.82
06/04/2018 08.00,,,99.72,99.72
06/04/2018 08.15,,,97.98,97.98
06/04/2018 08.30,,,96.2,96.2
06/04/2018 08.45,,,79.09,79.09
06/04/2018 09.00,,,61.54,61.54
06/04/2018 09.15,,,96.14,96.14
06/04/2018 09.30,,,90.62,90.62
06/04/2018 09.45,,,86.46,86.46
06/04/2018 10.00,,,87.33,87.33
06/04/2018 10.15,,,87.04,87.04
06/04/2018 10.30,,,88.01,88.01
06/04/2018 10.45,,,86.24,86.24
06/04/2018 11.00,,,85.83,85.83
06/04/2018 11.15,,,88.16,88.16
06/04/2018 11.30,,,85.74,85.74
06/04/2018 11.45,,,80.53,80.53
06/04/2018 12.00,,,78.64,78.64
06/04/2018 12.15,,,76.41,76.41
06/04/2018 12.30,,,74.9,74.9
06/04/2018 12.45,,,75.51,75.51
06/04/2018 13.00,,,73.24,73.24
06/04/2018 13.15,,,85.24,85.24
06/04/2018 13.30,,,74.29,74.29
06/04/2018 13.45,,,75.72,75.72
06/04/2018 14.00,,,72.5,72.5
06/04/2018 14.15,,,74,74
06/04/2018 14.30,,,70.17,70.17
06/04/2018 14.45,,,73.35,73.35
06/04/2018 15.00,,,71.06,71.06
06/04/2018 15.15,,,75.17,75.17
06/04/2018 15.30,,,76.22,76.22
06/04/2018 15.45,,,77.87,77.87
06/04/2018 16.00,,,77.17,77.17
06/04/2018 16.15,,,74.61,74.61
06/04/2018 16.30,,,73.69,73.69
06/04/2018 16.45,,,73.64,73.64
06/04/2018 17.00,,,73.08,73.08
06/04/2018 17.15,,,75.83,75.83
06/04/2018 17.30,,,76.72,76.72
06/04/2018 17.45,,,76.82,76.82
06/04/2018 18.00,,,76.41,76.41
06/04/2018 18.15,,,79.61,79.61
06/04/2018 18.30,,,82.51,82.51
06/04/2018 18.45,,,82.82,82.82
06/04/2018 19.00,,,81.48,81.48
06/04/2018 19.15,,,83.75,83.75
06/04/2018 19.30,,,86.8,86.8
06/04/2018 19.45,,,86.9,86.9
06/04/2018 20.00,,,90.61,90.61
06/04/2018 20.15,,,88.17,88.17
06/04/2018 20.30,,,90.64,90.64
06/04/2018 20.45,,,87.43,87.43
06/04/2018 21.00,,,88.93,88.93
06/04/2018 21.15,,,87.61,87.61
06/04/2018 21.30,,,94.72,94.72
06/04/2018 21.45,,,95.85,95.85
06/04/2018 22.00,,,99.88,99.88
06/04/2018 22.15,,,103.25,103.25
06/04/2018 22.30,,,102.61,102.61
06/04/2018 22.45,,,101.98,101.98
06/04/2018 23.00,,,106.93,106.93
06/04/2018 23.15,,,109.59,109.59
06/04/2018 23.30,,,112.99,112.99
06/04/2018 23.45,,,116.23,116.23
06/04/2018 24.00,,,118.02,118.02
07/04/2018 00.15,,,117.69,117.69
07/04/2018 00.30,,,121.3,121.3
07/04/2018 00.45,,,126.44,126.44
07/04/2018 01.00,,,127.86,127.86
07/04/2018 01.15,,,126.22,126.22
07/04/2018 01.30,,,125.77,125.77
07/04/2018 01.45,,,125.56,125.56
07/04/2018 02.00,,,125.69,125.69
07/04/2018 02.15,,,122.49,122.49
07/04/2018 02.30,,,122.56,122.56
07/04/2018 02.45,,,117.35,117.35
07/04/2018 03.00,,,111.8,111.8
07/04/2018 03.15,,,109.19,109.19
07/04/2018 03.30,,,106.03,106.03
07/04/2018 03.45,,,103.85,103.85
07/04/2018 04.00,,,103.59,103.59
07/04/2018 04.15,,,101.09,101.09
07/04/2018 04.30,,,96.49,96.49
07/04/2018 04.45,,,97.32,97.32
07/04/2018 05.00,,,95.3,95.3
07/04/2018 05.15,,,98.82,98.82
07/04/2018 05.30,,,97.36,97.36
07/04/2018 05.45,,,95.19,95.19
07/04/2018 06.00,,,96.25,96.25
07/04/2018 06.15,,,93.62,93.62
07/04/2018 06.30,,,90.78,90.78
07/04/2018 06.45,,,89.16,89.16
07/04/2018 07.00,,,84.7,84.7
07/04/2018 07.15,,,85.56,85.56
07/04/2018 07.30,,,83.25,83.25
07/04/2018 07.45,,,78.64,78.64
07/04/2018 08.00,,,79.77,79.77
07/04/2018 08.15,,,81.11,81.11
07/04/2018 08.30,,,77.7,77.7
07/04/2018 08.45,,,77.61,77.61
07/04/2018 09.00,,,72.9,72.9
07/04/2018 09.15,,,73.59,73.59
07/04/2018 09.30,,,68.38,68.38
07/04/2018 09.45,,,65.25,65.25
07/04/2018 10.00,,,62.87,62.87
07/04/2018 10.15,,,60.54,60.54
07/04/2018 10.30,,,61.42,61.42
07/04/2018 10.45,,,61.11,61.11
07/04/2018 11.00,,,60.27,60.27
07/04/2018 11.15,,,60.53,60.53
07/04/2018 11.30,,,60.33,60.33
07/04/2018 11.45,,,54.93,54.93
07/04/2018 12.00,,,48.95,48.95
07/04/2018 12.15,,,50.42,50.42
07/04/2018 12.30,,,54.88,54.88
07/04/2018 12.45,,,57.5,57.5
07/04/2018 13.00,,,53.79,53.79
07/04/2018 13.15,,,53.17,53.17
07/04/2018 13.30,,,50.55,50.55
07/04/2018 13.45,,,50.16,50.16
07/04/2018 14.00,,,53.11,53.11
07/04/2018 14.15,,,53.56,53.56
07/04/2018 14.30,,,56.71,56.71
07/04/2018 14.45,,,55.61,55.61
07/04/2018 15.00,,,54.14,54.14
07/04/2018 15.15,,,52.79,52.79
07/04/2018 15.30,,,52.27,52.27
07/04/2018 15.45,,,51.8,51.8
07/04/2018 16.00,,,51.16,51.16
07/04/2018 16.15,,,47.48,47.48
07/04/2018 16.30,,,49.29,49.29
07/04/2018 16.45,,,48.17,48.17
07/04/2018 17.00,,,46.66,46.66
07/04/2018 17.15,,,51.3,51.3
07/04/2018 17.30,,,53.06,53.06
07/04/2018 17.45,,,53.35,53.35
07/04/2018 18.00,,,52.75,52.75
07/04/2018 18.15,,,56.27,56.27
07/04/2018 18.30,,,58.77,58.77
07/04/2018 18.45,,,58.03,58.03
07/04/2018 19.00,,,61.93,61.93
07/04/2018 19.15,,,61.82,61.82
07/04/2018 19.30,,,64.45,64.45
07/04/2018 19.45,,,61.79,61.79
07/04/2018 20.00,,,59.85,59.85
07/04/2018 20.15,,,60.66,60.66
07/04/2018 20.30,,,61.79,61.79
07/04/2018 20.45,,,61.51,61.51
07/04/2018 21.00,,,65.8,65.8
07/04/2018 21.15,,,65.54,65.54
07/04/2018 21.30,,,67.51,67.51
07/04/2018 21.45,,,65.06,65.06
07/04/2018 22.00,,,65.58,65.58
07/04/2018 22.15,,,62.45,62.45
07/04/2018 22.30,,,69.12,69.12
07/04/2018 22.45,,,65.79,65.79
07/04/2018 23.00,,,63.5,63.5
07/04/2018 23.15,,,68.04,68.04
07/04/2018 23.30,,,65.58,65.58
07/04/2018 23.45,,,65.16,65.16
07/04/2018 24.00,,,64.8,64.8
08/04/2018 00.15,,,65.87,65.87
08/04/2018 00.30,,,66.42,66.42
08/04/2018 00.45,,,67.45,67.45
08/04/2018 01.00,,,63.88,63.88
08/04/2018 01.15,,,65.71,65.71
08/04/2018 01.30,,,68.09,68.09
08/04/2018 01.45,,,65.27,65.27
08/04/2018 02.00,,,64.37,64.37
08/04/2018 02.15,,,63.37,63.37
08/04/2018 02.30,,,62,62
08/04/2018 02.45,,,60.01,60.01
08/04/2018 03.00,,,57.56,57.56
08/04/2018 03.15,,,58.59,58.59
08/04/2018 03.30,,,57.98,57.98
08/04/2018 03.45,,,59.4,59.4
08/04/2018 04.00,,,58.4,58.4
08/04/2018 04.15,,,57.82,57.82
08/04/2018 04.30,,,56.95,56.95
08/04/2018 04.45,,,58.53,58.53
08/04/2018 05.00,,,55.09,55.09
08/04/2018 05.15,,,56.77,56.77
08/04/2018 05.30,,,57.16,57.16
08/04/2018 05.45,,,56.13,56.13
08/04/2018 06.00,,,58.77,58.77
08/04/2018 06.15,,,55.9,55.9
08/04/2018 06.30,,,52.35,52.35
08/04/2018 06.45,,,51.13,51.13
08/04/2018 07.00,,,51.45,51.45
08/04/2018 07.15,,,50.17,50.17
08/04/2018 07.30,,,46.38,46.38
08/04/2018 07.45,,,46.8,46.8
08/04/2018 08.00,,,47.71,47.71
08/04/2018 08.15,,,45.74,45.74
08/04/2018 08.30,,,46.84,46.84
08/04/2018 08.45,,,46.92,46.92
08/04/2018 09.00,,,45.76,45.76
08/04/2018 09.15,,,45.82,45.82
08/04/2018 09.30,,,46.59,46.59
08/04/2018 09.45,,,50.4,50.4
08/04/2018 10.00,,,38.5,38.5
08/04/2018 10.15,,,35.66,35.66
08/04/2018 10.30,,,39.64,39.64
08/04/2018 10.45,,,37.43,37.43
08/04/2018 11.00,,,38.8,38.8
08/04/2018 11.15,,,37.18,37.18
08/04/2018 11.30,,,38.14,38.14
08/04/2018 11.45,,,35.03,35.03
08/04/2018 12.00,,,34.29,34.29
08/04/2018 12.15,,,35.48,35.48
08/04/2018 12.30,,,38.11,38.11
08/04/2018 12.45,,,36.74,36.74
08/04/2018 13.00,,,36.34,36.34
08/04/2018 13.15,,,42.82,42.82
08/04/2018 13.30,,,41.14,41.14
08/04/2018 13.45,,,40.82,40.82
08/04/2018 14.00,,,38.79,38.79
08/04/2018 14.15,,,40.56,40.56
08/04/2018 14.30,,,39.87,39.87
08/04/2018 14.45,,,42.26,42.26
08/04/2018 15.00,,,46.34,46.34
08/04/2018 15.15,,,45.92,45.92
08/04/2018 15.30,,,46.76,46.76
08/04/2018 15.45,,,48.29,48.29
08/04/2018 16.00,,,48.63,48.63
08/04/2018 16.15,,,50.48,50.48
08/04/2018 16.30,,,54.04,54.04
08/04/2018 16.45,,,55.48,55.48
08/04/2018 17.00,,,53.35,53.35
08/04/2018 17.15,,,53.04,53.04
08/04/2018 17.30,,,58.37,58.37
08/04/2018 17.45,,,59.22,59.22
08/04/2018 18.00,,,60.37,60.37
08/04/2018 18.15,,,62.92,62.92
08/04/2018 18.30,,,67.14,67.14
08/04/2018 18.45,,,70.45,70.45
08/04/2018 19.00,,,70.4,70.4
08/04/2018 19.15,,,68.61,68.61
08/04/2018 19.30,,,69.33,69.33
08/04/2018 19.45,,,68.43,68.43
08/04/2018 20.00,,,71.66,71.66
08/04/2018 20.15,,,72.85,72.85
08/04/2018 20.30,,,71.11,71.11
08/04/2018 20.45,,,72.75,72.75
08/04/2018 21.00,,,75.27,75.27
08/04/2018 21.15,,,77.93,77.93
08/04/2018 21.30,,,80.51,80.51
08/04/2018 21.45,,,82.08,82.08
08/04/2018 22.00,,,85.19,85.19
08/04/2018 22.15,,,87.37,87.37
08/04/2018 22.30,,,85.17,85.17
08/04/2018 22.45,,,85.04,85.04
08/04/2018 23.00,,,88.95,88.95
08/04/2018 23.15,,,88.66,88.66
08/04/2018 23.30,,,90.25,90.25
08/04/2018 23.45,,,92.67,92.67
08/04/2018 24.00,,,97.2,97.2
09/04/2018 00.15,,96.48,,96.48
09/04/2018 00.30,,98.54,,98.54
09/04/2018 00.45,,96.9,,96.9
09/04/2018 01.00,,95.99,,95.99
09/04/2018 01.15,,95.61,,95.61
09/04/2018 01.30,,92.33,,92.33
09/04/2018 01.45,,90.99,,90.99
09/04/2018 02.00,,90.06,,90.06
09/04/2018 02.15,,89.25,,89.25
09/04/2018 02.30,,85.64,,85.64
09/04/2018 02.45,,81.32,,81.32
09/04/2018 03.00,,79.66,,79.66
09/04/2018 03.15,,79.33,,79.33
09/04/2018 03.30,,78.82,,78.82
09/04/2018 03.45,,76.93,,76.93
09/04/2018 04.00,,75.5,,75.5
09/04/2018 04.15,,73.83,,73.83
09/04/2018 04.30,,71.12,,71.12
09/04/2018 04.45,,70.95,,70.95
09/04/2018 05.00,,70.56,,70.56
09/04/2018 05.15,,69.29,,69.29
09/04/2018 05.30,,71.8,,71.8
09/04/2018 05.45,,71.14,,71.14
09/04/2018 06.00,,72.88,,72.88
09/04/2018 06.15,,72.41,,72.41
09/04/2018 06.30,,68.85,,68.85
09/04/2018 06.45,,64.75,,64.75
09/04/2018 07.00,,64.42,,64.42
09/04/2018 07.15,,65.29,,65.29
09/04/2018 07.30,,68.19,,68.19
09/04/2018 07.45,,67.45,,67.45
09/04/2018 08.00,,69.14,,69.14
09/04/2018 08.15,,73.59,,73.59
09/04/2018 08.30,,75.37,,75.37
09/04/2018 08.45,,75.04,,75.04
09/04/2018 09.00,,76.61,,76.61
09/04/2018 09.15,67.88,,,67.88
09/04/2018 09.30,61.77,,,61.77
09/04/2018 09.45,59.53,,,59.53
09/04/2018 10.00,54.72,,,54.72
09/04/2018 10.15,55.85,,,55.85
09/04/2018 10.30,55.48,,,55.48
09/04/2018 10.45,57.08,,,57.08
09/04/2018 11.00,60.95,,,60.95
09/04/2018 11.15,59.04,,,59.04
09/04/2018 11.30,60.19,,,60.19
09/04/2018 11.45,60.42,,,60.42
09/04/2018 12.00,55.24,,,55.24
09/04/2018 12.15,58.8,,,58.8
09/04/2018 12.30,61.51,,,61.51
09/04/2018 12.45,61.66,,,61.66
09/04/2018 13.00,61.16,,,61.16
09/04/2018 13.15,62.48,,,62.48
09/04/2018 13.30,60.75,,,60.75
09/04/2018 13.45,67.16,,,67.16
09/04/2018 14.00,65.82,,,65.82
09/04/2018 14.15,64.96,,,64.96
09/04/2018 14.30,67.82,,,67.82
09/04/2018 14.45,72.77,,,72.77
09/04/2018 15.00,75.38,,,75.38
09/04/2018 15.15,70.74,,,70.74
09/04/2018 15.30,70.24,,,70.24
09/04/2018 15.45,70.53,,,70.53
09/04/2018 16.00,71.64,,,71.64
09/04/2018 16.15,69.62,,,69.62
09/04/2018 16.30,70.74,,,70.74
09/04/2018 16.45,73.01,,,73.01
09/04/2018 17.00,74.9,,,74.9
09/04/2018 17.15,80.37,,,80.37
09/04/2018 17.30,86.17,,,86.17
09/04/2018 17.45,83.66,,,83.66
09/04/2018 18.00,82.93,,,82.93
09/04/2018 18.15,84.56,,,84.56
09/04/2018 18.30,88.43,,,88.43
09/04/2018 18.45,91.64,,,91.64
09/04/2018 19.00,93.06,,,93.06
09/04/2018 19.15,94.04,,,94.04
09/04/2018 19.30,94.09,,,94.09
09/04/2018 19.45,95.2,,,95.2
09/04/2018 20.00,93.14,,,93.14
09/04/2018 20.15,93.04,,,93.04
09/04/2018 20.30,97.09,,,97.09
09/04/2018 20.45,99.59,,,99.59
09/04/2018 21.00,100.48,,,100.48
09/04/2018 21.15,105.4,,,105.4
09/04/2018 21.30,110.35,,,110.35
09/04/2018 21.45,111.03,,,111.03
09/04/2018 22.00,108.33,,,108.33
09/04/2018 22.15,,112.49,,112.49
09/04/2018 22.30,,113.77,,113.77
09/04/2018 22.45,,115.54,,115.54
09/04/2018 23.00,,117.83,,117.83
09/04/2018 23.15,,121.15,,121.15
09/04/2018 23.30,,125.19,,125.19
09/04/2018 23.45,,134.67,,134.67
09/04/2018 24.00,,134.33,,134.33
10/04/2018 00.15,,136.64,,136.64
10/04/2018 00.30,,140.99,,140.99
10/04/2018 00.45,,140.73,,140.73
10/04/2018 01.00,,140.47,,140.47
10/04/2018 01.15,,143.56,,143.56
10/04/2018 01.30,,138.91,,138.91
10/04/2018 01.45,,138.07,,138.07
10/04/2018 02.00,,134.88,,134.88
10/04/2018 02.15,,127.77,,127.77
10/04/2018 02.30,,125.9,,125.9
10/04/2018 02.45,,123.19,,123.19
10/04/2018 03.00,,122.56,,122.56
10/04/2018 03.15,,117.75,,117.75
10/04/2018 03.30,,119.23,,119.23
10/04/2018 03.45,,117.73,,117.73
10/04/2018 04.00,,117.77,,117.77
10/04/2018 04.15,,116.86,,116.86
10/04/2018 04.30,,111.82,,111.82
10/04/2018 04.45,,110.28,,110.28
10/04/2018 05.00,,107.32,,107.32
10/04/2018 05.15,,109.22,,109.22
10/04/2018 05.30,,107.64,,107.64
10/04/2018 05.45,,105.06,,105.06
10/04/2018 06.00,,105.14,,105.14
10/04/2018 06.15,,103.65,,103.65
10/04/2018 06.30,,97.35,,97.35
10/04/2018 06.45,,97.64,,97.64
10/04/2018 07.00,,99.17,,99.17
10/04/2018 07.15,,96.66,,96.66
10/04/2018 07.30,,101.99,,101.99
10/04/2018 07.45,,97.41,,97.41
10/04/2018 08.00,,99.56,,99.56
10/04/2018 08.15,,96.72,,96.72
10/04/2018 08.30,,100.88,,100.88
10/04/2018 08.45,,104.2,,104.2
10/04/2018 09.00,,100.12,,100.12
10/04/2018 09.15,93.61,,,93.61
10/04/2018 09.30,88.03,,,88.03
10/04/2018 09.45,82.51,,,82.51
10/04/2018 10.00,73.3,,,73.3
10/04/2018 10.15,74.48,,,74.48
10/04/2018 10.30,76.82,,,76.82
10/04/2018 10.45,75.93,,,75.93
10/04/2018 11.00,72.21,,,72.21
10/04/2018 11.15,75.48,,,75.48
10/04/2018 11.30,74.06,,,74.06
10/04/2018 11.45,69.67,,,69.67
10/04/2018 12.00,70.46,,,70.46
10/04/2018 12.15,71.54,,,71.54
10/04/2018 12.30,73.03,,,73.03
10/04/2018 12.45,74.09,,,74.09
10/04/2018 13.00,78.69,,,78.69
10/04/2018 13.15,84.12,,,84.12
10/04/2018 13.30,87.51,,,87.51
10/04/2018 13.45,83.24,,,83.24
10/04/2018 14.00,90.35,,,90.35
10/04/2018 14.15,85.58,,,85.58
10/04/2018 14.30,91.03,,,91.03
10/04/2018 14.45,84.91,,,84.91
10/04/2018 15.00,86.16,,,86.16
10/04/2018 15.15,86.96,,,86.96
10/04/2018 15.30,82.09,,,82.09
10/04/2018 15.45,83.98,,,83.98
10/04/2018 16.00,82.16,,,82.16
10/04/2018 16.15,80.66,,,80.66
10/04/2018 16.30,85.61,,,85.61
10/04/2018 16.45,86.91,,,86.91
10/04/2018 17.00,83.49,,,83.49
10/04/2018 17.15,86.75,,,86.75
10/04/2018 17.30,86.04,,,86.04
10/04/2018 17.45,88.08,,,88.08
10/04/2018 18.00,87.01,,,87.01
10/04/2018 18.15,85.66,,,85.66
10/04/2018 18.30,85.45,,,85.45
10/04/2018 18.45,87.25,,,87.25
10/04/2018 19.00,84.72,,,84.72
10/04/2018 19.15,86.38,,,86.38
10/04/2018 19.30,88.78,,,88.78
10/04/2018 19.45,84.58,,,84.58
10/04/2018 20.00,87.4,,,87.4
10/04/2018 20.15,85.64,,,85.64
10/04/2018 20.30,81.85,,,81.85
10/04/2018 20.45,83.22,,,83.22
10/04/2018 21.00,85.87,,,85.87
10/04/2018 21.15,87.69,,,87.69
10/04/2018 21.30,90.06,,,90.06
10/04/2018 21.45,89.99,,,89.99
10/04/2018 22.00,90.37,,,90.37
10/04/2018 22.15,,92.06,,92.06
10/04/2018 22.30,,91.28,,91.28
10/04/2018 22.45,,92.14,,92.14
10/04/2018 23.00,,95.07,,95.07
10/04/2018 23.15,,98.75,,98.75
10/04/2018 23.30,,99.24,,99.24
10/04/2018 23.45,,101.95,,101.95
10/04/2018 24.00,,105.01,,105.01
11/04/2018 00.15,,104.53,,104.53
11/04/2018 00.30,,106.41,,106.41
11/04/2018 00.45,,111.33,,111.33
11/04/2018 01.00,,108.25,,108.25
11/04/2018 01.15,,109.86,,109.86
11/04/2018 01.30,,109.22,,109.22
11/04/2018 01.45,,109.75,,109.75
11/04/2018 02.00,,109.11,,109.11
11/04/2018 02.15,,106.57,,106.57
11/04/2018 02.30,,106.59,,106.59
11/04/2018 02.45,,104.19,,104.19
11/04/2018 03.00,,106.12,,106.12
11/04/2018 03.15,,102.57,,102.57
11/04/2018 03.30,,102.33,,102.33
11/04/2018 03.45,,106.46,,106.46
11/04/2018 04.00,,102.43,,102.43
11/04/2018 04.15,,100.2,,100.2
11/04/2018 04.30,,99.46,,99.46
11/04/2018 04.45,,98.27,,98.27
11/04/2018 05.00,,95.96,,95.96
11/04/2018 05.15,,94.27,,94.27
11/04/2018 05.30,,96.91,,96.91
11/04/2018 05.45,,95.86,,95.86
11/04/2018 06.00,,94.88,,94.88
11/04/2018 06.15,,92.8,,92.8
11/04/2018 06.30,,91.22,,91.22
11/04/2018 06.45,,87.58,,87.58
11/04/2018 07.00,,88.91,,88.91
11/04/2018 07.15,,88.88,,88.88
11/04/2018 07.30,,85.91,,85.91
11/04/2018 07.45,,82.03,,82.03
11/04/2018 08.00,,82.98,,82.98
11/04/2018 08.15,,80.61,,80.61
11/04/2018 08.30,,79.19,,79.19
11/04/2018 08.45,,80.48,,80.48
11/04/2018 09.00,,80.56,,80.56
11/04/2018 09.15,81.72,,,81.72
11/04/2018 09.30,83.14,,,83.14
11/04/2018 09.45,82.59,,,82.59
11/04/2018 10.00,77.46,,,77.46
11/04/2018 10.15,78.46,,,78.46
11/04/2018 10.30,78.61,,,78.61
11/04/2018 10.45,76.58,,,76.58
11/04/2018 11.00,74.85,,,74.85
11/04/2018 11.15,72.77,,,72.77
11/04/2018 11.30,77.58,,,77.58
11/04/2018 11.45,69.87,,,69.87
11/04/2018 12.00,70.16,,,70.16
11/04/2018 12.15,72.27,,,72.27
11/04/2018 12.30,74.35,,,74.35
11/04/2018 12.45,68.64,,,68.64
11/04/2018 13.00,73.32,,,73.32
11/04/2018 13.15,63.66,,,63.66
11/04/2018 13.30,67.46,,,67.46
11/04/2018 13.45,72.19,,,72.19
11/04/2018 14.00,62.03,,,62.03
11/04/2018 14.15,63.24,,,63.24
11/04/2018 14.30,68.87,,,68.87
11/04/2018 14.45,67.16,,,67.16
11/04/2018 15.00,64.72,,,64.72
11/04/2018 15.15,67.93,,,67.93
11/04/2018 15.30,71.04,,,71.04
11/04/2018 15.45,70.06,,,70.06
11/04/2018 16.00,65.46,,,65.46
11/04/2018 16.15,68.21,,,68.21
11/04/2018 16.30,72.48,,,72.48
11/04/2018 16.45,76.03,,,76.03
11/04/2018 17.00,74.66,,,74.66
11/04/2018 17.15,76.59,,,76.59
11/04/2018 17.30,77.77,,,77.77
11/04/2018 17.45,79.49,,,79.49
11/04/2018 18.00,77.41,,,77.41
11/04/2018 18.15,75.64,,,75.64
11/04/2018 18.30,75.03,,,75.03
11/04/2018 18.45,77.33,,,77.33
11/04/2018 19.00,74.22,,,74.22
11/04/2018 19.15,71.62,,,71.62
11/04/2018 19.30,74.12,,,74.12
11/04/2018 19.45,70.82,,,70.82
11/04/2018 20.00,71.09,,,71.09
11/04/2018 20.15,70.25,,,70.25
11/04/2018 20.30,68.82,,,68.82
11/04/2018 20.45,68.14,,,68.14
11/04/2018 21.00,65.85,,,65.85
11/04/2018 21.15,67.03,,,67.03
11/04/2018 21.30,67.25,,,67.25
11/04/2018 21.45,68.9,,,68.9
11/04/2018 22.00,69.32,,,69.32
11/04/2018 22.15,,70.58,,70.58
11/04/2018 22.30,,67.87,,67.87
11/04/2018 22.45,,65.88,,65.88
11/04/2018 23.00,,68.67,,68.67
11/04/2018 23.15,,69.09,,69.09
11/04/2018 23.30,,71.93,,71.93
11/04/2018 23.45,,74.45,,74.45
11/04/2018 24.00,,77.17,,77.17
12/04/2018 00.15,,77.16,,77.16
12/04/2018 00.30,,78.93,,78.93
12/04/2018 00.45,,77.77,,77.77
12/04/2018 01.00,,79.41,,79.41
12/04/2018 01.15,,81.53,,81.53
12/04/2018 01.30,,78.22,,78.22
12/04/2018 01.45,,78.19,,78.19
12/04/2018 02.00,,76.98,,76.98
12/04/2018 02.15,,75.2,,75.2
12/04/2018 02.30,,73.66,,73.66
12/04/2018 02.45,,76.04,,76.04
12/04/2018 03.00,,77.16,,77.16
12/04/2018 03.15,,77.87,,77.87
12/04/2018 03.30,,71.4,,71.4
12/04/2018 03.45,,72.59,,72.59
12/04/2018 04.00,,71.59,,71.59
12/04/2018 04.15,,68.37,,68.37
12/04/2018 04.30,,68.5,,68.5
12/04/2018 04.45,,66.24,,66.24
12/04/2018 05.00,,67.29,,67.29
12/04/2018 05.15,,70.01,,70.01
12/04/2018 05.30,,71.11,,71.11
12/04/2018 05.45,,70.16,,70.16
12/04/2018 06.00,,68.48,,68.48
12/04/2018 06.15,,68.72,,68.72
12/04/2018 06.30,,66.35,,66.35
12/04/2018 06.45,,62.85,,62.85
12/04/2018 07.00,,60.53,,60.53
12/04/2018 07.15,,59.9,,59.9
12/04/2018 07.30,,57.85,,57.85
12/04/2018 07.45,,58.46,,58.46
12/04/2018 08.00,,57.16,,57.16
12/04/2018 08.15,,56.43,,56.43
12/04/2018 08.30,,55.88,,55.88
12/04/2018 08.45,,55.71,,55.71
12/04/2018 09.00,,53.04,,53.04
12/04/2018 09.15,50.93,,,50.93
12/04/2018 09.30,48.96,,,48.96
12/04/2018 09.45,46.09,,,46.09
12/04/2018 10.00,47.76,,,47.76
12/04/2018 10.15,52.08,,,52.08
12/04/2018 10.30,49.19,,,49.19
12/04/2018 10.45,51.63,,,51.63
12/04/2018 11.00,51.13,,,51.13
12/04/2018 11.15,50.05,,,50.05
12/04/2018 11.30,50.01,,,50.01
12/04/2018 11.45,42.59,,,42.59
12/04/2018 12.00,43.67,,,43.67
12/04/2018 12.15,41.82,,,41.82
12/04/2018 12.30,38.92,,,38.92
12/04/2018 12.45,44.34,,,44.34
12/04/2018 13.00,46.71,,,46.71
12/04/2018 13.15,42.87,,,42.87
12/04/2018 13.30,45.3,,,45.3
12/04/2018 13.45,42.22,,,42.22
12/04/2018 14.00,42.9,,,42.9
12/04/2018 14.15,40.63,,,40.63
12/04/2018 14.30,43.05,,,43.05
12/04/2018 14.45,45.61,,,45.61
12/04/2018 15.00,44.43,,,44.43
12/04/2018 15.15,42.69,,,42.69
12/04/2018 15.30,42.76,,,42.76
12/04/2018 15.45,43.01,,,43.01
12/04/2018 16.00,44.17,,,44.17
12/04/2018 16.15,43.85,,,43.85
12/04/2018 16.30,44.05,,,44.05
12/04/2018 16.45,43.95,,,43.95
12/04/2018 17.00,45,,,45
12/04/2018 17.15,45.48,,,45.48
12/04/2018 17.30,50.25,,,50.25
12/04/2018 17.45,47.58,,,47.58
12/04/2018 18.00,51.06,,,51.06
12/04/2018 18.15,50.03,,,50.03
12/04/2018 18.30,52.42,,,52.42
12/04/2018 18.45,52.98,,,52.98
12/04/2018 19.00,56.5,,,56.5
12/04/2018 19.15,52.67,,,52.67
12/04/2018 19.30,54.59,,,54.59
12/04/2018 19.45,53.32,,,53.32
12/04/2018 20.00,52.72,,,52.72
12/04/2018 20.15,53.84,,,53.84
12/04/2018 20.30,55.19,,,55.19
12/04/2018 20.45,53.38,,,53.38
12/04/2018 21.00,51.16,,,51.16
12/04/2018 21.15,52.9,,,52.9
12/04/2018 21.30,54,,,54
12/04/2018 21.45,55.51,,,55.51
12/04/2018 22.00,58.88,,,58.88
12/04/2018 22.15,,57.27,,57.27
12/04/2018 22.30,,57.54,,57.54
12/04/2018 22.45,,53.34,,53.34
12/04/2018 23.00,,60.11,,60.11
12/04/2018 23.15,,60.14,,60.14
12/04/2018 23.30,,62.67,,62.67
12/04/2018 23.45,,63.64,,63.64
12/04/2018 24.00,,63.77,,63.77
13/04/2018 00.15,,,63.42,63.42
13/04/2018 00.30,,,64.06,64.06
13/04/2018 00.45,,,63.66,63.66
13/04/2018 01.00,,,65.48,65.48
13/04/2018 01.15,,,66.54,66.54
13/04/2018 01.30,,,67.59,67.59
13/04/2018 01.45,,,67.11,67.11
13/04/2018 02.00,,,65.95,65.95
13/04/2018 02.15,,,64.92,64.92
13/04/2018 02.30,,,66.21,66.21
13/04/2018 02.45,,,63.4,63.4
13/04/2018 03.00,,,62.33,62.33
13/04/2018 03.15,,,62.77,62.77
13/04/2018 03.30,,,62.96,62.96
13/04/2018 03.45,,,63.22,63.22
13/04/2018 04.00,,,64,64
13/04/2018 04.15,,,61.53,61.53
13/04/2018 04.30,,,59.98,59.98
13/04/2018 04.45,,,60.51,60.51
13/04/2018 05.00,,,59.95,59.95
13/04/2018 05.15,,,60,60
13/04/2018 05.30,,,58,58
13/04/2018 05.45,,,58.74,58.74
13/04/2018 06.00,,,60.24,60.24
13/04/2018 06.15,,,58.82,58.82
13/04/2018 06.30,,,54.38,54.38
13/04/2018 06.45,,,54.35,54.35
13/04/2018 07.00,,,55.71,55.71
13/04/2018 07.15,,,54.27,54.27
13/04/2018 07.30,,,54.29,54.29
13/04/2018 07.45,,,53.67,53.67
13/04/2018 08.00,,,54.08,54.08
13/04/2018 08.15,,,51.14,51.14
13/04/2018 08.30,,,49.92,49.92
13/04/2018 08.45,,,47.14,47.14
13/04/2018 09.00,,,44.74,44.74
13/04/2018 09.15,,,43.67,43.67
13/04/2018 09.30,,,42.64,42.64
13/04/2018 09.45,,,39.01,39.01
13/04/2018 10.00,,,38.29,38.29
13/04/2018 10.15,,,36.37,36.37
13/04/2018 10.30,,,40.43,40.43
13/04/2018 10.45,,,40.92,40.92
13/04/2018 11.00,,,39.32,39.32
13/04/2018 11.15,,,39.51,39.51
13/04/2018 11.30,,,38.29,38.29
13/04/2018 11.45,,,39.05,39.05
13/04/2018 12.00,,,45.32,45.32
13/04/2018 12.15,,,41.72,41.72
13/04/2018 12.30,,,39.9,39.9
13/04/2018 12.45,,,42.16,42.16
13/04/2018 13.00,,,41.88,41.88
13/04/2018 13.15,,,39.21,39.21
13/04/2018 13.30,,,42.98,42.98
13/04/2018 13.45,,,40.58,40.58
13/04/2018 14.00,,,40.3,40.3
13/04/2018 14.15,,,38.53,38.53
13/04/2018 14.30,,,41.05,41.05
13/04/2018 14.45,,,42.27,42.27
13/04/2018 15.00,,,44.03,44.03
13/04/2018 15.15,,,43.58,43.58
13/04/2018 15.30,,,46.29,46.29
13/04/2018 15.45,,,50.16,50.16
13/04/2018 16.00,,,44.43,44.43
13/04/2018 16.15,,,45.29,45.29
13/04/2018 16.30,,,45.9,45.9
13/04/2018 16.45,,,45.46,45.46
13/04/2018 17.00,,,46.27,46.27
13/04/2018 17.15,,,47.63,47.63
13/04/2018 17.30,,,49.61,49.61
13/04/2018 17.45,,,49.51,49.51
13/04/2018 18.00,,,48.71,48.71
13/04/2018 18.15,,,51.06,51.06
13/04/2018 18.30,,,56.54,56.54
13/04/2018 18.45,,,54.5,54.5
13/04/2018 19.00,,,53.22,53.22
13/04/2018 19.15,,,52.79,52.79
13/04/2018 19.30,,,52.71,52.71
13/04/2018 19.45,,,53.45,53.45
13/04/2018 20.00,,,52.45,52.45
13/04/2018 20.15,,,53.3,53.3
13/04/2018 20.30,,,52.25,52.25
13/04/2018 20.45,,,51.84,51.84
13/04/2018 21.00,,,54.58,54.58
13/04/2018 21.15,,,55.98,55.98
13/04/2018 21.30,,,56.09,56.09
13/04/2018 21.45,,,56.69,56.69
13/04/2018 22.00,,,58.61,58.61
13/04/2018 22.15,,,57.19,57.19
13/04/2018 22.30,,,57.77,57.77
13/04/2018 22.45,,,54.92,54.92
13/04/2018 23.00,,,55.71,55.71
13/04/2018 23.15,,,56.84,56.84
13/04/2018 23.30,,,57.13,57.13
13/04/2018 23.45,,,58.46,58.46
13/04/2018 24.00,,,57.67,57.67
14/04/2018 00.15,,,59.08,59.08
14/04/2018 00.30,,,60.61,60.61
14/04/2018 00.45,,,60,60
14/04/2018 01.00,,,61.67,61.67
14/04/2018 01.15,,,60.66,60.66
14/04/2018 01.30,,,60.63,60.63
14/04/2018 01.45,,,60.74,60.74
14/04/2018 02.00,,,60.79,60.79
14/04/2018 02.15,,,60.95,60.95
14/04/2018 02.30,,,60.74,60.74
14/04/2018 02.45,,,58.67,58.67
14/04/2018 03.00,,,60.48,60.48
14/04/2018 03.15,,,58.53,58.53
14/04/2018 03.30,,,60.42,60.42
14/04/2018 03.45,,,59.87,59.87
14/04/2018 04.00,,,60.83,60.83
14/04/2018 04.15,,,60.95,60.95
14/04/2018 04.30,,,59.43,59.43
14/04/2018 04.45,,,62.33,62.33
14/04/2018 05.00,,,58.87,58.87
14/04/2018 05.15,,,60.85,60.85
14/04/2018 05.30,,,60.54,60.54
14/04/2018 05.45,,,61.83,61.83
14/04/2018 06.00,,,63.06,63.06
14/04/2018 06.15,,,58.9,58.9
14/04/2018 06.30,,,53.09,53.09
14/04/2018 06.45,,,52.46,52.46
14/04/2018 07.00,,,51.42,51.42
14/04/2018 07.15,,,51.45,51.45
14/04/2018 07.30,,,51.8,51.8
14/04/2018 07.45,,,52.69,52.69
14/04/2018 08.00,,,48.55,48.55
14/04/2018 08.15,,,52.85,52.85
14/04/2018 08.30,,,52.88,52.88
14/04/2018 08.45,,,47.37,47.37
14/04/2018 09.00,,,43.43,43.43
14/04/2018 09.15,,,40.3,40.3
14/04/2018 09.30,,,41.06,41.06
14/04/2018 09.45,,,42.58,42.58
14/04/2018 10.00,,,39.88,39.88
14/04/2018 10.15,,,40.69,40.69
14/04/2018 10.30,,,40.71,40.71
14/04/2018 10.45,,,39.85,39.85
14/04/2018 11.00,,,40.38,40.38
14/04/2018 11.15,,,34.38,34.38
14/04/2018 11.30,,,35.27,35.27
14/04/2018 11.45,,,33.72,33.72
14/04/2018 12.00,,,35.06,35.06
14/04/2018 12.15,,,36.01,36.01
14/04/2018 12.30,,,37.22,37.22
14/04/2018 12.45,,,38.35,38.35
14/04/2018 13.00,,,36.35,36.35
14/04/2018 13.15,,,40.24,40.24
14/04/2018 13.30,,,37.42,37.42
14/04/2018 13.45,,,36.68,36.68
14/04/2018 14.00,,,35.98,35.98
14/04/2018 14.15,,,35.27,35.27
14/04/2018 14.30,,,38.5,38.5
14/04/2018 14.45,,,36.47,36.47
14/04/2018 15.00,,,34.98,34.98
14/04/2018 15.15,,,37.19,37.19
14/04/2018 15.30,,,38.93,38.93
14/04/2018 15.45,,,40.76,40.76
14/04/2018 16.00,,,40.5,40.5
14/04/2018 16.15,,,41.43,41.43
14/04/2018 16.30,,,43.16,43.16
14/04/2018 16.45,,,44.64,44.64
14/04/2018 17.00,,,46.72,46.72
14/04/2018 17.15,,,48.95,48.95
14/04/2018 17.30,,,50.32,50.32
14/04/2018 17.45,,,50.53,50.53
14/04/2018 18.00,,,48.93,48.93
14/04/2018 18.15,,,50.63,50.63
14/04/2018 18.30,,,51.4,51.4
14/04/2018 18.45,,,55.45,55.45
14/04/2018 19.00,,,54.42,54.42
14/04/2018 19.15,,,56.51,56.51
14/04/2018 19.30,,,55.75,55.75
14/04/2018 19.45,,,55.32,55.32
14/04/2018 20.00,,,53.4,53.4
14/04/2018 20.15,,,52.82,52.82
14/04/2018 20.30,,,51.74,51.74
14/04/2018 20.45,,,52.16,52.16
14/04/2018 21.00,,,59.48,59.48
14/04/2018 21.15,,,58.3,58.3
14/04/2018 21.30,,,56.3,56.3
14/04/2018 21.45,,,57.04,57.04
14/04/2018 22.00,,,60.93,60.93
14/04/2018 22.15,,,57.16,57.16
14/04/2018 22.30,,,55.59,55.59
14/04/2018 22.45,,,56.4,56.4
14/04/2018 23.00,,,56.09,56.09
14/04/2018 23.15,,,57.93,57.93
14/04/2018 23.30,,,57.79,57.79
14/04/2018 23.45,,,59.25,59.25
14/04/2018 24.00,,,60.93,60.93
15/04/2018 00.15,,,59.21,59.21
15/04/2018 00.30,,,60.06,60.06
15/04/2018 00.45,,,60.13,60.13
15/04/2018 01.00,,,61.27,61.27
15/04/2018 01.15,,,63.45,63.45
15/04/2018 01.30,,,60.93,60.93
15/04/2018 01.45,,,61.17,61.17
15/04/2018 02.00,,,62.59,62.59
15/04/2018 02.15,,,60.98,60.98
15/04/2018 02.30,,,61.74,61.74
15/04/2018 02.45,,,60.33,60.33
15/04/2018 03.00,,,60.88,60.88
15/04/2018 03.15,,,59.13,59.13
15/04/2018 03.30,,,59.59,59.59
15/04/2018 03.45,,,60.22,60.22
15/04/2018 04.00,,,59.98,59.98
15/04/2018 04.15,,,59.22,59.22
15/04/2018 04.30,,,58.16,58.16
15/04/2018 04.45,,,58.17,58.17
15/04/2018 05.00,,,57.17,57.17
15/04/2018 05.15,,,56.93,56.93
15/04/2018 05.30,,,58.4,58.4
15/04/2018 05.45,,,58.67,58.67
15/04/2018 06.00,,,62.46,62.46
15/04/2018 06.15,,,61.51,61.51
15/04/2018 06.30,,,60.72,60.72
15/04/2018 06.45,,,58.69,58.69
15/04/2018 07.00,,,56.03,56.03
15/04/2018 07.15,,,55.34,55.34
15/04/2018 07.30,,,52.93,52.93
15/04/2018 07.45,,,52.88,52.88
15/04/2018 08.00,,,52.69,52.69
15/04/2018 08.15,,,52.63,52.63
15/04/2018 08.30,,,50.51,50.51
15/04/2018 08.45,,,49.84,49.84
15/04/2018 09.00,,,48.95,48.95
15/04/2018 09.15,,,48.61,48.61
15/04/2018 09.30,,,49.25,49.25
15/04/2018 09.45,,,50.56,50.56
15/04/2018 10.00,,,47.92,47.92
15/04/2018 10.15,,,48.13,48.13
15/04/2018 10.30,,,48.34,48.34
15/04/2018 10.45,,,44.95,44.95
15/04/2018 11.00,,,42.84,42.84
15/04/2018 11.15,,,41.58,41.58
15/04/2018 11.30,,,39.87,39.87
15/04/2018 11.45,,,40.56,40.56
15/04/2018 12.00,,,40.3,40.3
15/04/2018 12.15,,,42.14,42.14
15/04/2018 12.30,,,41.79,41.79
15/04/2018 12.45,,,42.55,42.55
15/04/2018 13.00,,,47.46,47.46
15/04/2018 13.15,,,45.61,45.61
15/04/2018 13.30,,,44.87,44.87
15/04/2018 13.45,,,45.55,45.55
15/04/2018 14.00,,,45.32,45.32
15/04/2018 14.15,,,47.58,47.58
15/04/2018 14.30,,,45.79,45.79
15/04/2018 14.45,,,49.8,49.8
15/04/2018 15.00,,,49.64,49.64
15/04/2018 15.15,,,52.96,52.96
15/04/2018 15.30,,,51.98,51.98
15/04/2018 15.45,,,53.46,53.46
15/04/2018 16.00,,,54.22,54.22
15/04/2018 16.15,,,53.96,53.96
15/04/2018 16.30,,,56.11,56.11
15/04/2018 16.45,,,56.16,56.16
15/04/2018 17.00,,,59.74,59.74
15/04/2018 17.15,,,61.19,61.19
15/04/2018 17.30,,,63.16,63.16
15/04/2018 17.45,,,64.35,64.35
15/04/2018 18.00,,,64.04,64.04
15/04/2018 18.15,,,65.24,65.24
15/04/2018 18.30,,,65.74,65.74
15/04/2018 18.45,,,66.42,66.42
15/04/2018 19.00,,,66.09,66.09
15/04/2018 19.15,,,65.19,65.19
15/04/2018 19.30,,,68.45,68.45
15/04/2018 19.45,,,67.27,67.27
15/04/2018 20.00,,,68.98,68.98
15/04/2018 20.15,,,67.82,67.82
15/04/2018 20.30,,,71.77,71.77
15/04/2018 20.45,,,72.54,72.54
15/04/2018 21.00,,,75.17,75.17
15/04/2018 21.15,,,73.93,73.93
15/04/2018 21.30,,,75.12,75.12
15/04/2018 21.45,,,74.85,74.85
15/04/2018 22.00,,,74.98,74.98
15/04/2018 22.15,,,74.87,74.87
15/04/2018 22.30,,,73.46,73.46
15/04/2018 22.45,,,74.4,74.4
15/04/2018 23.00,,,73.38,73.38
15/04/2018 23.15,,,73.38,73.38
15/04/2018 23.30,,,72.53,72.53
15/04/2018 23.45,,,72.29,72.29
15/04/2018 24.00,,,74.56,74.56
16/04/2018 00.15,,74.41,,74.41
16/04/2018 00.30,,75.06,,75.06
16/04/2018 00.45,,76.24,,76.24
16/04/2018 01.00,,75.77,,75.77
16/04/2018 01.15,,77.01,,77.01
16/04/2018 01.30,,73.11,,73.11
16/04/2018 01.45,,76.04,,76.04
16/04/2018 02.00,,75.9,,75.9
16/04/2018 02.15,,77.43,,77.43
16/04/2018 02.30,,76.54,,76.54
16/04/2018 02.45,,77.41,,77.41
16/04/2018 03.00,,75.7,,75.7
16/04/2018 03.15,,76.72,,76.72
16/04/2018 03.30,,76.03,,76.03
16/04/2018 03.45,,75.9,,75.9
16/04/2018 04.00,,76.12,,76.12
16/04/2018 04.15,,75.96,,75.96
16/04/2018 04.30,,75.3,,75.3
16/04/2018 04.45,,73.62,,73.62
16/04/2018 05.00,,76.33,,76.33
16/04/2018 05.15,,73.29,,73.29
16/04/2018 05.30,,76.16,,76.16
16/04/2018 05.45,,75.25,,75.25
16/04/2018 06.00,,74.53,,74.53
16/04/2018 06.15,,73.25,,73.25
16/04/2018 06.30,,69.51,,69.51
16/04/2018 06.45,,67.83,,67.83
16/04/2018 07.00,,65.56,,65.56
16/04/2018 07.15,,67.06,,67.06
16/04/2018 07.30,,67.4,,67.4
16/04/2018 07.45,,65.82,,65.82
16/04/2018 08.00,,64.11,,64.11
16/04/2018 08.15,,60.22,,60.22
16/04/2018 08.30,,58.77,,58.77
16/04/2018 08.45,,60.37,,60.37
16/04/2018 09.00,,56.64,,56.64
16/04/2018 09.15,59.33,,,59.33
16/04/2018 09.30,57,,,57
16/04/2018 09.45,59.29,,,59.29
16/04/2018 10.00,59.16,,,59.16
16/04/2018 10.15,63.06,,,63.06
16/04/2018 10.30,61.4,,,61.4
16/04/2018 10.45,62.69,,,62.69
16/04/2018 11.00,65.03,,,65.03
16/04/2018 11.15,61.03,,,61.03
16/04/2018 11.30,58.48,,,58.48
16/04/2018 11.45,57.14,,,57.14
16/04/2018 12.00,64.54,,,64.54
16/04/2018 12.15,59.22,,,59.22
16/04/2018 12.30,57.96,,,57.96
16/04/2018 12.45,60.48,,,60.48
16/04/2018 13.00,66.95,,,66.95
16/04/2018 13.15,70.8,,,70.8
16/04/2018 13.30,62.85,,,62.85
16/04/2018 13.45,60.14,,,60.14
16/04/2018 14.00,65,,,65
16/04/2018 14.15,71.46,,,71.46
16/04/2018 14.30,68.83,,,68.83
16/04/2018 14.45,68.03,,,68.03
16/04/2018 15.00,72.79,,,72.79
16/04/2018 15.15,72.04,,,72.04
16/04/2018 15.30,73.27,,,73.27
16/04/2018 15.45,75.14,,,75.14
16/04/2018 16.00,77.38,,,77.38
16/04/2018 16.15,77.96,,,77.96
16/04/2018 16.30,76.83,,,76.83
16/04/2018 16.45,81.06,,,81.06
16/04/2018 17.00,85.69,,,85.69
16/04/2018 17.15,86.14,,,86.14
16/04/2018 17.30,82.43,,,82.43
16/04/2018 17.45,80.19,,,80.19
16/04/2018 18.00,81.2,,,81.2
16/04/2018 18.15,82.3,,,82.3
16/04/2018 18.30,82.58,,,82.58
16/04/2018 18.45,88.61,,,88.61
16/04/2018 19.00,88.08,,,88.08
16/04/2018 19.15,87.96,,,87.96
16/04/2018 19.30,88.74,,,88.74
16/04/2018 19.45,89.2,,,89.2
16/04/2018 20.00,89.43,,,89.43
16/04/2018 20.15,91.59,,,91.59
16/04/2018 20.30,95.24,,,95.24
16/04/2018 20.45,96.72,,,96.72
16/04/2018 21.00,98.67,,,98.67
16/04/2018 21.15,98.85,,,98.85
16/04/2018 21.30,101.41,,,101.41
16/04/2018 21.45,107.06,,,107.06
16/04/2018 22.00,107.01,,,107.01
16/04/2018 22.15,,107.91,,107.91
16/04/2018 22.30,,112.35,,112.35
16/04/2018 22.45,,115.38,,115.38
16/04/2018 23.00,,120.49,,120.49
16/04/2018 23.15,,122.33,,122.33
16/04/2018 23.30,,124.94,,124.94
16/04/2018 23.45,,126.85,,126.85
16/04/2018 24.00,,123.64,,123.64
17/04/2018 00.15,,124.69,,124.69
17/04/2018 00.30,,125.15,,125.15
17/04/2018 00.45,,128.73,,128.73
17/04/2018 01.00,,129.04,,129.04
17/04/2018 01.15,,128.62,,128.62
17/04/2018 01.30,,127.57,,127.57
17/04/2018 01.45,,127.93,,127.93
17/04/2018 02.00,,125.4,,125.4
17/04/2018 02.15,,124.23,,124.23
17/04/2018 02.30,,125.22,,125.22
17/04/2018 02.45,,124.1,,124.1
17/04/2018 03.00,,122.65,,122.65
17/04/2018 03.15,,123.96,,123.96
17/04/2018 03.30,,123.4,,123.4
17/04/2018 03.45,,119.99,,119.99
17/04/2018 04.00,,120.85,,120.85
17/04/2018 04.15,,120.06,,120.06
17/04/2018 04.30,,117.64,,117.64
17/04/2018 04.45,,118.2,,118.2
17/04/2018 05.00,,118.28,,118.28
17/04/2018 05.15,,117.78,,117.78
17/04/2018 05.30,,117.59,,117.59
17/04/2018 05.45,,116.35,,116.35
17/04/2018 06.00,,116.82,,116.82
17/04/2018 06.15,,111.99,,111.99
17/04/2018 06.30,,109.07,,109.07
17/04/2018 06.45,,110.62,,110.62
17/04/2018 07.00,,106.93,,106.93
17/04/2018 07.15,,103.41,,103.41
17/04/2018 07.30,,103.72,,103.72
17/04/2018 07.45,,101.54,,101.54
17/04/2018 08.00,,97.9,,97.9
17/04/2018 08.15,,97.61,,97.61
17/04/2018 08.30,,98.62,,98.62
17/04/2018 08.45,,97.25,,97.25
17/04/2018 09.00,,95.85,,95.85
17/04/2018 09.15,94.19,,,94.19
17/04/2018 09.30,92.4,,,92.4
17/04/2018 09.45,88.99,,,88.99
17/04/2018 10.00,89.16,,,89.16
17/04/2018 10.15,92.35,,,92.35
17/04/2018 10.30,88.08,,,88.08
17/04/2018 10.45,90.22,,,90.22
17/04/2018 11.00,91.06,,,91.06
17/04/2018 11.15,86.9,,,86.9
17/04/2018 11.30,89.41,,,89.41
17/04/2018 11.45,93.77,,,93.77
17/04/2018 12.00,86.75,,,86.75
17/04/2018 12.15,80.38,,,80.38
17/04/2018 12.30,76.64,,,76.64
17/04/2018 12.45,73.67,,,73.67
17/04/2018 13.00,75.12,,,75.12
17/04/2018 13.15,75.32,,,75.32
17/04/2018 13.30,72.22,,,72.22
17/04/2018 13.45,72.67,,,72.67
17/04/2018 14.00,71.11,,,71.11
17/04/2018 14.15,66.74,,,66.74
17/04/2018 14.30,63.53,,,63.53
17/04/2018 14.45,63.92,,,63.92
17/04/2018 15.00,67.88,,,67.88
17/04/2018 15.15,67.5,,,67.5
17/04/2018 15.30,66.5,,,66.5
17/04/2018 15.45,65.03,,,65.03
17/04/2018 16.00,67.24,,,67.24
17/04/2018 16.15,65.14,,,65.14
17/04/2018 16.30,65.9,,,65.9
17/04/2018 16.45,64.66,,,64.66
17/04/2018 17.00,69.29,,,69.29
17/04/2018 17.15,70.24,,,70.24
17/04/2018 17.30,69.79,,,69.79
17/04/2018 17.45,74.83,,,74.83
17/04/2018 18.00,77.41,,,77.41
17/04/2018 18.15,78.66,,,78.66
17/04/2018 18.30,81.99,,,81.99
17/04/2018 18.45,81.9,,,81.9
17/04/2018 19.00,83.85,,,83.85
17/04/2018 19.15,81.95,,,81.95
17/04/2018 19.30,81.12,,,81.12
17/04/2018 19.45,86.77,,,86.77
17/04/2018 20.00,89.9,,,89.9
17/04/2018 20.15,90.41,,,90.41
17/04/2018 20.30,95.77,,,95.77
17/04/2018 20.45,99.51,,,99.51
17/04/2018 21.00,102.74,,,102.74
17/04/2018 21.15,108.09,,,108.09
17/04/2018 21.30,115.28,,,115.28
17/04/2018 21.45,119.43,,,119.43
17/04/2018 22.00,118.75,,,118.75
17/04/2018 22.15,,121.07,,121.07
17/04/2018 22.30,,128.99,,128.99
17/04/2018 22.45,,132.54,,132.54
17/04/2018 23.00,,136.89,,136.89
17/04/2018 23.15,,119.44,,119.44
17/04/2018 23.30,,98.06,,98.06
17/04/2018 23.45,,101.78,,101.78
17/04/2018 24.00,,125.44,,125.44
18/04/2018 00.15,,141.78,,141.78
18/04/2018 00.30,,147.94,,147.94
18/04/2018 00.45,,147.93,,147.93
18/04/2018 01.00,,149.05,,149.05
18/04/2018 01.15,,143.67,,143.67
18/04/2018 01.30,,139.41,,139.41
18/04/2018 01.45,,138.8,,138.8
18/04/2018 02.00,,135.31,,135.31
18/04/2018 02.15,,133.85,,133.85
18/04/2018 02.30,,129.91,,129.91
18/04/2018 02.45,,125.19,,125.19
18/04/2018 03.00,,124.69,,124.69
18/04/2018 03.15,,121.51,,121.51
18/04/2018 03.30,,119.94,,119.94
18/04/2018 03.45,,117.54,,117.54
18/04/2018 04.00,,115.49,,115.49
18/04/2018 04.15,,115.19,,115.19
18/04/2018 04.30,,113.28,,113.28
18/04/2018 04.45,,112.61,,112.61
18/04/2018 05.00,,108.49,,108.49
18/04/2018 05.15,,112.12,,112.12
18/04/2018 05.30,,108.38,,108.38
18/04/2018 05.45,,105.77,,105.77
18/04/2018 06.00,,104.85,,104.85
18/04/2018 06.15,,100.62,,100.62
18/04/2018 06.30,,97.88,,97.88
18/04/2018 06.45,,94.99,,94.99
18/04/2018 07.00,,95.74,,95.74
18/04/2018 07.15,,99.93,,99.93
18/04/2018 07.30,,98.93,,98.93
18/04/2018 07.45,,97.64,,97.64
18/04/2018 08.00,,96.54,,96.54
18/04/2018 08.15,,102.99,,102.99
18/04/2018 08.30,,98.01,,98.01
18/04/2018 08.45,,97.17,,97.17
18/04/2018 09.00,,92.99,,92.99
18/04/2018 09.15,87.3,,,87.3
18/04/2018 09.30,77.25,,,77.25
18/04/2018 09.45,72.58,,,72.58
18/04/2018 10.00,67.35,,,67.35
18/04/2018 10.15,70.8,,,70.8
18/04/2018 10.30,64.8,,,64.8
18/04/2018 10.45,66.14,,,66.14
18/04/2018 11.00,64.27,,,64.27
18/04/2018 11.15,56.9,,,56.9
18/04/2018 11.30,63.82,,,63.82
18/04/2018 11.45,59.21,,,59.21
18/04/2018 12.00,56.56,,,56.56
18/04/2018 12.15,58.88,,,58.88
18/04/2018 12.30,63.53,,,63.53
18/04/2018 12.45,67.43,,,67.43
18/04/2018 13.00,71.62,,,71.62
18/04/2018 13.15,67.48,,,67.48
18/04/2018 13.30,60.61,,,60.61
18/04/2018 13.45,60.79,,,60.79
18/04/2018 14.00,62.95,,,62.95
18/04/2018 14.15,64.24,,,64.24
18/04/2018 14.30,65.66,,,65.66
18/04/2018 14.45,67.14,,,67.14
18/04/2018 15.00,67,,,67
18/04/2018 15.15,69.08,,,69.08
18/04/2018 15.30,71,,,71
18/04/2018 15.45,67.96,,,67.96
18/04/2018 16.00,69.79,,,69.79
18/04/2018 16.15,70.74,,,70.74
18/04/2018 16.30,74.96,,,74.96
18/04/2018 16.45,77.67,,,77.67
18/04/2018 17.00,80.8,,,80.8
18/04/2018 17.15,82.66,,,82.66
18/04/2018 17.30,88.32,,,88.32
18/04/2018 17.45,88.35,,,88.35
18/04/2018 18.00,91.59,,,91.59
18/04/2018 18.15,91.3,,,91.3
18/04/2018 18.30,95.16,,,95.16
18/04/2018 18.45,94.99,,,94.99
18/04/2018 19.00,95.41,,,95.41
18/04/2018 19.15,100.83,,,100.83
18/04/2018 19.30,104.46,,,104.46
18/04/2018 19.45,106.8,,,106.8
18/04/2018 20.00,105.77,,,105.77
18/04/2018 20.15,110.91,,,110.91
18/04/2018 20.30,115.75,,,115.75
18/04/2018 20.45,119.93,,,119.93
18/04/2018 21.00,121.65,,,121.65
18/04/2018 21.15,128.72,,,128.72
18/04/2018 21.30,134.75,,,134.75
18/04/2018 21.45,143.17,,,143.17
18/04/2018 22.00,151.39,,,151.39
18/04/2018 22.15,,153.73,,153.73
18/04/2018 22.30,,159.59,,159.59
18/04/2018 22.45,,164.88,,164.88
18/04/2018 23.00,,172.78,,172.78
18/04/2018 23.15,,180.52,,180.52
18/04/2018 23.30,,184.28,,184.28
18/04/2018 23.45,,191.46,,191.46
18/04/2018 24.00,,190.83,,190.83
19/04/2018 00.15,,198.7,,198.7
19/04/2018 00.30,,203.87,,203.87
19/04/2018 00.45,,201.23,,201.23
19/04/2018 01.00,,202.28,,202.28
19/04/2018 01.15,,199.71,,199.71
19/04/2018 01.30,,194,,194
19/04/2018 01.45,,190.6,,190.6
19/04/2018 02.00,,186.54,,186.54
19/04/2018 02.15,,179.73,,179.73
19/04/2018 02.30,,175.88,,175.88
19/04/2018 02.45,,171.67,,171.67
19/04/2018 03.00,,172.86,,172.86
19/04/2018 03.15,,170.6,,170.6
19/04/2018 03.30,,169.15,,169.15
19/04/2018 03.45,,162.22,,162.22
19/04/2018 04.00,,159.65,,159.65
19/04/2018 04.15,,155.31,,155.31
19/04/2018 04.30,,151.7,,151.7
19/04/2018 04.45,,149.64,,149.64
19/04/2018 05.00,,146.41,,146.41
19/04/2018 05.15,,146.17,,146.17
19/04/2018 05.30,,146.51,,146.51
19/04/2018 05.45,,144.06,,144.06
19/04/2018 06.00,,143.36,,143.36
19/04/2018 06.15,,136.54,,136.54
19/04/2018 06.30,,133.38,,133.38
19/04/2018 06.45,,129.07,,129.07
19/04/2018 07.00,,128.09,,128.09
19/04/2018 07.15,,126.86,,126.86
19/04/2018 07.30,,130.23,,130.23
19/04/2018 07.45,,130.85,,130.85
19/04/2018 08.00,,133.17,,133.17
19/04/2018 08.15,,132.35,,132.35
19/04/2018 08.30,,137.35,,137.35
19/04/2018 08.45,,135.09,,135.09
19/04/2018 09.00,,124.44,,124.44
19/04/2018 09.15,112.03,,,112.03
19/04/2018 09.30,99.77,,,99.77
19/04/2018 09.45,98.12,,,98.12
19/04/2018 10.00,92.01,,,92.01
19/04/2018 10.15,83.38,,,83.38
19/04/2018 10.30,77.64,,,77.64
19/04/2018 10.45,81.82,,,81.82
19/04/2018 11.00,73.22,,,73.22
19/04/2018 11.15,61.4,,,61.4
19/04/2018 11.30,68.46,,,68.46
19/04/2018 11.45,71.09,,,71.09
19/04/2018 12.00,72.33,,,72.33
19/04/2018 12.15,74.01,,,74.01
19/04/2018 12.30,74.67,,,74.67
19/04/2018 12.45,73.35,,,73.35
19/04/2018 13.00,70.35,,,70.35
19/04/2018 13.15,72.33,,,72.33
19/04/2018 13.30,72.4,,,72.4
19/04/2018 13.45,72.96,,,72.96
19/04/2018 14.00,78.83,,,78.83
19/04/2018 14.15,79.35,,,79.35
19/04/2018 14.30,82.61,,,82.61
19/04/2018 14.45,94.61,,,94.61
19/04/2018 15.00,83.48,,,83.48
19/04/2018 15.15,88.59,,,88.59
19/04/2018 15.30,87.82,,,87.82
19/04/2018 15.45,84.17,,,84.17
19/04/2018 16.00,85.46,,,85.46
19/04/2018 16.15,82.93,,,82.93
19/04/2018 16.30,82.3,,,82.3
19/04/2018 16.45,83.17,,,83.17
19/04/2018 17.00,88.56,,,88.56
19/04/2018 17.15,91.32,,,91.32
19/04/2018 17.30,91.88,,,91.88
19/04/2018 17.45,93.2,,,93.2
19/04/2018 18.00,96.56,,,96.56
19/04/2018 18.15,97.41,,,97.41
19/04/2018 18.30,97.9,,,97.9
19/04/2018 18.45,99.88,,,99.88
19/04/2018 19.00,106.49,,,106.49
19/04/2018 19.15,107.61,,,107.61
19/04/2018 19.30,107.7,,,107.7
19/04/2018 19.45,112.44,,,112.44
19/04/2018 20.00,116.51,,,116.51
19/04/2018 20.15,116.9,,,116.9
19/04/2018 20.30,120.83,,,120.83
19/04/2018 20.45,131.69,,,131.69
19/04/2018 21.00,135.35,,,135.35
19/04/2018 21.15,137.6,,,137.6
19/04/2018 21.30,145.75,,,145.75
19/04/2018 21.45,150.86,,,150.86
19/04/2018 22.00,151.93,,,151.93
19/04/2018 22.15,,161.55,,161.55
19/04/2018 22.30,,174.2,,174.2
19/04/2018 22.45,,178.67,,178.67
19/04/2018 23.00,,185.31,,185.31
19/04/2018 23.15,,192.99,,192.99
19/04/2018 23.30,,199.41,,199.41
19/04/2018 23.45,,204.78,,204.78
19/04/2018 24.00,,205.36,,205.36
20/04/2018 00.15,,212.12,,212.12
20/04/2018 00.30,,213.66,,213.66
20/04/2018 00.45,,218.37,,218.37
20/04/2018 01.00,,215.78,,215.78
20/04/2018 01.15,,215.68,,215.68
20/04/2018 01.30,,210.89,,210.89
20/04/2018 01.45,,207.57,,207.57
20/04/2018 02.00,,204.55,,204.55
20/04/2018 02.15,,197.78,,197.78
20/04/2018 02.30,,194.39,,194.39
20/04/2018 02.45,,190.46,,190.46
20/04/2018 03.00,,188.38,,188.38
20/04/2018 03.15,,186.86,,186.86
20/04/2018 03.30,,186,,186
20/04/2018 03.45,,179.67,,179.67
20/04/2018 04.00,,177.88,,177.88
20/04/2018 04.15,,176.07,,176.07
20/04/2018 04.30,,171.51,,171.51
20/04/2018 04.45,,169.7,,169.7
20/04/2018 05.00,,167.88,,167.88
20/04/2018 05.15,,166.59,,166.59
20/04/2018 05.30,,166.62,,166.62
20/04/2018 05.45,,164.04,,164.04
20/04/2018 06.00,,159.09,,159.09
20/04/2018 06.15,,154.38,,154.38
20/04/2018 06.30,,149.73,,149.73
20/04/2018 06.45,,149.14,,149.14
20/04/2018 07.00,,150.91,,150.91
20/04/2018 07.15,,148.51,,148.51
20/04/2018 07.30,,145.41,,145.41
20/04/2018 07.45,,149.39,,149.39
20/04/2018 08.00,,145.78,,145.78
20/04/2018 08.15,,144.96,,144.96
20/04/2018 08.30,,139.2,,139.2
20/04/2018 08.45,,137.8,,137.8
20/04/2018 09.00,,133.65,,133.65
20/04/2018 09.15,125.19,,,125.19
20/04/2018 09.30,118.11,,,118.11
20/04/2018 09.45,106.57,,,106.57
20/04/2018 10.00,101.83,,,101.83
20/04/2018 10.15,100.3,,,100.3
20/04/2018 10.30,92.85,,,92.85
20/04/2018 10.45,91.78,,,91.78
20/04/2018 11.00,83.82,,,83.82
20/04/2018 11.15,83.56,,,83.56
20/04/2018 11.30,79.12,,,79.12
20/04/2018 11.45,79.27,,,79.27
20/04/2018 12.00,78.22,,,78.22
20/04/2018 12.15,77.27,,,77.27
20/04/2018 12.30,81.64,,,81.64
20/04/2018 12.45,80.7,,,80.7
20/04/2018 13.00,77.7,,,77.7
20/04/2018 13.15,91.14,,,91.14
20/04/2018 13.30,87.32,,,87.32
20/04/2018 13.45,82.98,,,82.98
20/04/2018 14.00,89.01,,,89.01
20/04/2018 14.15,88.74,,,88.74
20/04/2018 14.30,87.35,,,87.35
20/04/2018 14.45,88.32,,,88.32
20/04/2018 15.00,92.32,,,92.32
20/04/2018 15.15,88.83,,,88.83
20/04/2018 15.30,90.12,,,90.12
20/04/2018 15.45,86.72,,,86.72
20/04/2018 16.00,87.62,,,87.62
20/04/2018 16.15,85.14,,,85.14
20/04/2018 16.30,86.53,,,86.53
20/04/2018 16.45,85.72,,,85.72
20/04/2018 17.00,90.17,,,90.17
20/04/2018 17.15,90.25,,,90.25
20/04/2018 17.30,94.93,,,94.93
20/04/2018 17.45,93.54,,,93.54
20/04/2018 18.00,92.75,,,92.75
20/04/2018 18.15,91.09,,,91.09
20/04/2018 18.30,93.03,,,93.03
20/04/2018 18.45,93.53,,,93.53
20/04/2018 19.00,93.01,,,93.01
20/04/2018 19.15,91.11,,,91.11
20/04/2018 19.30,92.82,,,92.82
20/04/2018 19.45,91.9,,,91.9
20/04/2018 20.00,94.28,,,94.28
20/04/2018 20.15,94.53,,,94.53
20/04/2018 20.30,97.19,,,97.19
20/04/2018 20.45,99.28,,,99.28
20/04/2018 21.00,101.12,,,101.12
20/04/2018 21.15,106.06,,,106.06
20/04/2018 21.30,110.07,,,110.07
20/04/2018 21.45,114.06,,,114.06
20/04/2018 22.00,121.33,,,121.33
20/04/2018 22.15,,125.51,,125.51
20/04/2018 22.30,,132.96,,132.96
20/04/2018 22.45,,135.25,,135.25
20/04/2018 23.00,,140.01,,140.01
20/04/2018 23.15,,149.35,,149.35
20/04/2018 23.30,,153.2,,153.2
20/04/2018 23.45,,155.55,,155.55
20/04/2018 24.00,,157.23,,157.23
21/04/2018 00.15,,,165.42,165.42
21/04/2018 00.30,,,171.68,171.68
21/04/2018 00.45,,,173.78,173.78
21/04/2018 01.00,,,172.59,172.59
21/04/2018 01.15,,,171.65,171.65
21/04/2018 01.30,,,166.51,166.51
21/04/2018 01.45,,,169.05,169.05
21/04/2018 02.00,,,168.38,168.38
21/04/2018 02.15,,,166.33,166.33
21/04/2018 02.30,,,163.81,163.81
21/04/2018 02.45,,,160.91,160.91
21/04/2018 03.00,,,158.62,158.62
21/04/2018 03.15,,,156.62,156.62
21/04/2018 03.30,,,155.23,155.23
21/04/2018 03.45,,,155.43,155.43
21/04/2018 04.00,,,154.2,154.2
21/04/2018 04.15,,,152.96,152.96
21/04/2018 04.30,,,148.44,148.44
21/04/2018 04.45,,,146.25,146.25
21/04/2018 05.00,,,144.57,144.57
21/04/2018 05.15,,,144.35,144.35
21/04/2018 05.30,,,145.15,145.15
21/04/2018 05.45,,,141.62,141.62
21/04/2018 06.00,,,141.59,141.59
21/04/2018 06.15,,,135.25,135.25
21/04/2018 06.30,,,131.78,131.78
21/04/2018 06.45,,,130.09,130.09
21/04/2018 07.00,,,125.04,125.04
21/04/2018 07.15,,,121.59,121.59
21/04/2018 07.30,,,119.28,119.28
21/04/2018 07.45,,,117.33,117.33
21/04/2018 08.00,,,115.62,115.62
21/04/2018 08.15,,,111.01,111.01
21/04/2018 08.30,,,111.48,111.48
21/04/2018 08.45,,,109.96,109.96
21/04/2018 09.00,,,110.28,110.28
21/04/2018 09.15,,,108.04,108.04
21/04/2018 09.30,,,105.07,105.07
21/04/2018 09.45,,,103.57,103.57
21/04/2018 10.00,,,97.82,97.82
21/04/2018 10.15,,,97.25,97.25
21/04/2018 10.30,,,95.38,95.38
21/04/2018 10.45,,,101.11,101.11
21/04/2018 11.00,,,96.45,96.45
21/04/2018 11.15,,,92.69,92.69
21/04/2018 11.30,,,88.78,88.78
21/04/2018 11.45,,,84.4,84.4
21/04/2018 12.00,,,81.12,81.12
21/04/2018 12.15,,,77.59,77.59
21/04/2018 12.30,,,82.09,82.09
21/04/2018 12.45,,,68.01,68.01
21/04/2018 13.00,,,69.72,69.72
21/04/2018 13.15,,,76.7,76.7
21/04/2018 13.30,,,69.71,69.71
21/04/2018 13.45,,,75.06,75.06
21/04/2018 14.00,,,77.83,77.83
21/04/2018 14.15,,,82.56,82.56
21/04/2018 14.30,,,82.09,82.09
21/04/2018 14.45,,,85.93,85.93
21/04/2018 15.00,,,81.56,81.56
21/04/2018 15.15,,,77.98,77.98
21/04/2018 15.30,,,78.35,78.35
21/04/2018 15.45,,,84.19,84.19
21/04/2018 16.00,,,82.22,82.22
21/04/2018 16.15,,,87.25,87.25
21/04/2018 16.30,,,89.9,89.9
21/04/2018 16.45,,,89.41,89.41
21/04/2018 17.00,,,88.78,88.78
21/04/2018 17.15,,,91.25,91.25
21/04/2018 17.30,,,92.62,92.62
21/04/2018 17.45,,,87.16,87.16
21/04/2018 18.00,,,83.74,83.74
21/04/2018 18.15,,,82.69,82.69
21/04/2018 18.30,,,84.49,84.49
21/04/2018 18.45,,,87.88,87.88
21/04/2018 19.00,,,91.69,91.69
21/04/2018 19.15,,,90.4,90.4
21/04/2018 19.30,,,90.27,90.27
21/04/2018 19.45,,,91.46,91.46
21/04/2018 20.00,,,96.4,96.4
21/04/2018 20.15,,,98.07,98.07
21/04/2018 20.30,,,98.09,98.09
21/04/2018 20.45,,,100.49,100.49
21/04/2018 21.00,,,102.91,102.91
21/04/2018 21.15,,,106.85,106.85
21/04/2018 21.30,,,113.88,113.88
21/04/2018 21.45,,,120.07,120.07
21/04/2018 22.00,,,120.64,120.64
21/04/2018 22.15,,,125.43,125.43
21/04/2018 22.30,,,128.77,128.77
21/04/2018 22.45,,,133.7,133.7
21/04/2018 23.00,,,139.77,139.77
21/04/2018 23.15,,,144.52,144.52
21/04/2018 23.30,,,147.23,147.23
21/04/2018 23.45,,,152.01,152.01
21/04/2018 24.00,,,155.33,155.33
22/04/2018 00.15,,,157.44,157.44
22/04/2018 00.30,,,163.2,163.2
22/04/2018 00.45,,,165.91,165.91
22/04/2018 01.00,,,166.41,166.41
22/04/2018 01.15,,,163.65,163.65
22/04/2018 01.30,,,165.57,165.57
22/04/2018 01.45,,,162.83,162.83
22/04/2018 02.00,,,164.15,164.15
22/04/2018 02.15,,,162.09,162.09
22/04/2018 02.30,,,161.02,161.02
22/04/2018 02.45,,,158.23,158.23
22/04/2018 03.00,,,154.93,154.93
22/04/2018 03.15,,,154.3,154.3
22/04/2018 03.30,,,150.62,150.62
22/04/2018 03.45,,,149.04,149.04
22/04/2018 04.00,,,148.01,148.01
22/04/2018 04.15,,,146.14,146.14
22/04/2018 04.30,,,146.12,146.12
22/04/2018 04.45,,,146.38,146.38
22/04/2018 05.00,,,141.15,141.15
22/04/2018 05.15,,,140.04,140.04
22/04/2018 05.30,,,139.02,139.02
22/04/2018 05.45,,,137.2,137.2
22/04/2018 06.00,,,133.67,133.67
22/04/2018 06.15,,,127.33,127.33
22/04/2018 06.30,,,124.52,124.52
22/04/2018 06.45,,,119.56,119.56
22/04/2018 07.00,,,118.85,118.85
22/04/2018 07.15,,,115.3,115.3
22/04/2018 07.30,,,112.36,112.36
22/04/2018 07.45,,,108.48,108.48
22/04/2018 08.00,,,110.07,110.07
22/04/2018 08.15,,,105.01,105.01
22/04/2018 08.30,,,106.06,106.06
22/04/2018 08.45,,,107.59,107.59
22/04/2018 09.00,,,100.96,100.96
22/04/2018 09.15,,,99.74,99.74
22/04/2018 09.30,,,96.17,96.17
22/04/2018 09.45,,,100.65,100.65
22/04/2018 10.00,,,88.51,88.51
22/04/2018 10.15,,,87.83,87.83
22/04/2018 10.30,,,90.87,90.87
22/04/2018 10.45,,,86.25,86.25
22/04/2018 11.00,,,83.93,83.93
22/04/2018 11.15,,,84.43,84.43
22/04/2018 11.30,,,83.61,83.61
22/04/2018 11.45,,,80.03,80.03
22/04/2018 12.00,,,81.29,81.29
22/04/2018 12.15,,,77.62,77.62
22/04/2018 12.30,,,70.12,70.12
22/04/2018 12.45,,,67.85,67.85
22/04/2018 13.00,,,66.37,66.37
22/04/2018 13.15,,,71.48,71.48
22/04/2018 13.30,,,72.32,72.32
22/04/2018 13.45,,,68.43,68.43
22/04/2018 14.00,,,69.85,69.85
22/04/2018 14.15,,,71.91,71.91
22/04/2018 14.30,,,76.58,76.58
22/04/2018 14.45,,,79.91,79.91
22/04/2018 15.00,,,77.4,77.4
22/04/2018 15.15,,,79.49,79.49
22/04/2018 15.30,,,80.17,80.17
22/04/2018 15.45,,,87.74,87.74
22/04/2018 16.00,,,86.59,86.59
22/04/2018 16.15,,,87.99,87.99
22/04/2018 16.30,,,88.69,88.69
22/04/2018 16.45,,,87.9,87.9
22/04/2018 17.00,,,89.38,89.38
22/04/2018 17.15,,,91.48,91.48
22/04/2018 17.30,,,99.78,99.78
22/04/2018 17.45,,,96.28,96.28
22/04/2018 18.00,,,92.85,92.85
22/04/2018 18.15,,,92.69,92.69
22/04/2018 18.30,,,99.25,99.25
22/04/2018 18.45,,,99.11,99.11
22/04/2018 19.00,,,97.14,97.14
22/04/2018 19.15,,,98.14,98.14
22/04/2018 19.30,,,100.32,100.32
22/04/2018 19.45,,,108.77,108.77
22/04/2018 20.00,,,108.72,108.72
22/04/2018 20.15,,,112.33,112.33
22/04/2018 20.30,,,113.9,113.9
22/04/2018 20.45,,,122.96,122.96
22/04/2018 21.00,,,126.83,126.83
22/04/2018 21.15,,,133.73,133.73
22/04/2018 21.30,,,142.44,142.44
22/04/2018 21.45,,,153.04,153.04
22/04/2018 22.00,,,156.8,156.8
22/04/2018 22.15,,,166.18,166.18
22/04/2018 22.30,,,180.81,180.81
22/04/2018 22.45,,,183.38,183.38
22/04/2018 23.00,,,192.31,192.31
22/04/2018 23.15,,,196.28,196.28
22/04/2018 23.30,,,199.41,199.41
22/04/2018 23.45,,,207.05,207.05
22/04/2018 24.00,,,209.07,209.07
23/04/2018 00.15,,210.97,,210.97
23/04/2018 00.30,,219.52,,219.52
23/04/2018 00.45,,223.47,,223.47
23/04/2018 01.00,,224.79,,224.79
23/04/2018 01.15,,223.37,,223.37
23/04/2018 01.30,,224.89,,224.89
23/04/2018 01.45,,218.89,,218.89
23/04/2018 02.00,,216.82,,216.82
23/04/2018 02.15,,214.89,,214.89
23/04/2018 02.30,,211.74,,211.74
23/04/2018 02.45,,210.41,,210.41
23/04/2018 03.00,,205.94,,205.94
23/04/2018 03.15,,205.18,,205.18
23/04/2018 03.30,,200.79,,200.79
23/04/2018 03.45,,199.94,,199.94
23/04/2018 04.00,,196.31,,196.31
23/04/2018 04.15,,192.92,,192.92
23/04/2018 04.30,,189.12,,189.12
23/04/2018 04.45,,188.57,,188.57
23/04/2018 05.00,,185.5,,185.5
23/04/2018 05.15,,182.17,,182.17
23/04/2018 05.30,,181.52,,181.52
23/04/2018 05.45,,179.17,,179.17
23/04/2018 06.00,,177.62,,177.62
23/04/2018 06.15,,168.07,,168.07
23/04/2018 06.30,,164.73,,164.73
23/04/2018 06.45,,161.39,,161.39
23/04/2018 07.00,,158.76,,158.76
23/04/2018 07.15,,155.28,,155.28
23/04/2018 07.30,,155.3,,155.3
23/04/2018 07.45,,155.59,,155.59
23/04/2018 08.00,,158.84,,158.84
23/04/2018 08.15,,156.26,,156.26
23/04/2018 08.30,,151.72,,151.72
23/04/2018 08.45,,142.88,,142.88
23/04/2018 09.00,,137.44,,137.44
23/04/2018 09.15,137.51,,,137.51
23/04/2018 09.30,124.98,,,124.98
23/04/2018 09.45,111.32,,,111.32
23/04/2018 10.00,102.56,,,102.56
23/04/2018 10.15,99.04,,,99.04
23/04/2018 10.30,94.59,,,94.59
23/04/2018 10.45,94.36,,,94.36
23/04/2018 11.00,92.53,,,92.53
23/04/2018 11.15,88.4,,,88.4
23/04/2018 11.30,89.24,,,89.24
23/04/2018 11.45,86.82,,,86.82
23/04/2018 12.00,85.98,,,85.98
23/04/2018 12.15,89.9,,,89.9
23/04/2018 12.30,88.74,,,88.74
23/04/2018 12.45,87.53,,,87.53
23/04/2018 13.00,88.99,,,88.99
23/04/2018 13.15,90.59,,,90.59
23/04/2018 13.30,84.49,,,84.49
23/04/2018 13.45,80.77,,,80.77
23/04/2018 14.00,84.87,,,84.87
23/04/2018 14.15,87.4,,,87.4
23/04/2018 14.30,93.24,,,93.24
23/04/2018 14.45,92.43,,,92.43
23/04/2018 15.00,92.37,,,92.37
23/04/2018 15.15,98.51,,,98.51
23/04/2018 15.30,96.48,,,96.48
23/04/2018 15.45,91.22,,,91.22
23/04/2018 16.00,89.95,,,89.95
23/04/2018 16.15,93.09,,,93.09
23/04/2018 16.30,95.66,,,95.66
23/04/2018 16.45,95.46,,,95.46
23/04/2018 17.00,96.54,,,96.54
23/04/2018 17.15,106.57,,,106.57
23/04/2018 17.30,111.44,,,111.44
23/04/2018 17.45,111.69,,,111.69
23/04/2018 18.00,112.59,,,112.59
23/04/2018 18.15,115.56,,,115.56
23/04/2018 18.30,116.33,,,116.33
23/04/2018 18.45,128.93,,,128.93
23/04/2018 19.00,136.07,,,136.07
23/04/2018 19.15,134.7,,,134.7
23/04/2018 19.30,139.75,,,139.75
23/04/2018 19.45,142.78,,,142.78
23/04/2018 20.00,149.1,,,149.1
23/04/2018 20.15,150.96,,,150.96
23/04/2018 20.30,145.78,,,145.78
23/04/2018 20.45,152.26,,,152.26
23/04/2018 21.00,154.26,,,154.26
23/04/2018 21.15,164.44,,,164.44
23/04/2018 21.30,169.8,,,169.8
23/04/2018 21.45,177.21,,,177.21
23/04/2018 22.00,179.94,,,179.94
23/04/2018 22.15,,193.26,,193.26
23/04/2018 22.30,,200.05,,200.05
23/04/2018 22.45,,206.97,,206.97
23/04/2018 23.00,,214.21,,214.21
23/04/2018 23.15,,226.74,,226.74
23/04/2018 23.30,,232.1,,232.1
23/04/2018 23.45,,239.08,,239.08
23/04/2018 24.00,,242.86,,242.86
24/04/2018 00.15,,245.73,,245.73
24/04/2018 00.30,,248.6,,248.6
24/04/2018 00.45,,251.4,,251.4
24/04/2018 01.00,,253.24,,253.24
24/04/2018 01.15,,253.42,,253.42
24/04/2018 01.30,,248.55,,248.55
24/04/2018 01.45,,242.94,,242.94
24/04/2018 02.00,,243.4,,243.4
24/04/2018 02.15,,237.39,,237.39
24/04/2018 02.30,,232.6,,232.6
24/04/2018 02.45,,227.55,,227.55
24/04/2018 03.00,,224.47,,224.47
24/04/2018 03.15,,220.63,,220.63
24/04/2018 03.30,,220.49,,220.49
24/04/2018 03.45,,215.86,,215.86
24/04/2018 04.00,,212.66,,212.66
24/04/2018 04.15,,208.83,,208.83
24/04/2018 04.30,,204.12,,204.12
24/04/2018 04.45,,202.2,,202.2
24/04/2018 05.00,,200.31,,200.31
24/04/2018 05.15,,197.78,,197.78
24/04/2018 05.30,,194.42,,194.42
24/04/2018 05.45,,191.25,,191.25
24/04/2018 06.00,,188.57,,188.57
24/04/2018 06.15,,182.73,,182.73
24/04/2018 06.30,,176.05,,176.05
24/04/2018 06.45,,175.33,,175.33
24/04/2018 07.00,,176.54,,176.54
24/04/2018 07.15,,168.84,,168.84
24/04/2018 07.30,,164.15,,164.15
24/04/2018 07.45,,161.84,,161.84
24/04/2018 08.00,,164.57,,164.57
24/04/2018 08.15,,160.65,,160.65
24/04/2018 08.30,,153.07,,153.07
24/04/2018 08.45,,144.72,,144.72
24/04/2018 09.00,,136.22,,136.22
24/04/2018 09.15,130.33,,,130.33
24/04/2018 09.30,124.96,,,124.96
24/04/2018 09.45,109.62,,,109.62
24/04/2018 10.00,91.98,,,91.98
24/04/2018 10.15,89.8,,,89.8
24/04/2018 10.30,86.03,,,86.03
24/04/2018 10.45,83.4,,,83.4
24/04/2018 11.00,80.96,,,80.96
24/04/2018 11.15,77.8,,,77.8
24/04/2018 11.30,77.16,,,77.16
24/04/2018 11.45,73.12,,,73.12
24/04/2018 12.00,68.79,,,68.79
24/04/2018 12.15,77.37,,,77.37
24/04/2018 12.30,76.59,,,76.59
24/04/2018 12.45,72.98,,,72.98
24/04/2018 13.00,75.38,,,75.38
24/04/2018 13.15,79.98,,,79.98
24/04/2018 13.30,78.48,,,78.48
24/04/2018 13.45,82.99,,,82.99
24/04/2018 14.00,81.51,,,81.51
24/04/2018 14.15,87.96,,,87.96
24/04/2018 14.30,93.33,,,93.33
24/04/2018 14.45,96.03,,,96.03
24/04/2018 15.00,92.17,,,92.17
24/04/2018 15.15,96.57,,,96.57
24/04/2018 15.30,98.69,,,98.69
24/04/2018 15.45,99.27,,,99.27
24/04/2018 16.00,98.19,,,98.19
24/04/2018 16.15,97.04,,,97.04
24/04/2018 16.30,98.88,,,98.88
24/04/2018 16.45,99.14,,,99.14
24/04/2018 17.00,99.48,,,99.48
24/04/2018 17.15,105.28,,,105.28
24/04/2018 17.30,107.01,,,107.01
24/04/2018 17.45,105.86,,,105.86
24/04/2018 18.00,103.07,,,103.07
24/04/2018 18.15,107.59,,,107.59
24/04/2018 18.30,107.35,,,107.35
24/04/2018 18.45,112.67,,,112.67
24/04/2018 19.00,112.51,,,112.51
24/04/2018 19.15,113.7,,,113.7
24/04/2018 19.30,115.77,,,115.77
24/04/2018 19.45,121.62,,,121.62
24/04/2018 20.00,124.93,,,124.93
24/04/2018 20.15,127.15,,,127.15
24/04/2018 20.30,131.98,,,131.98
24/04/2018 20.45,140.57,,,140.57
24/04/2018 21.00,147.04,,,147.04
24/04/2018 21.15,150.04,,,150.04
24/04/2018 21.30,160.39,,,160.39
24/04/2018 21.45,167.89,,,167.89
24/04/2018 22.00,173.26,,,173.26
24/04/2018 22.15,,185.34,,185.34
24/04/2018 22.30,,199.47,,199.47
24/04/2018 22.45,,204,,204
24/04/2018 23.00,,212.6,,212.6
24/04/2018 23.15,,218.58,,218.58
24/04/2018 23.30,,228.79,,228.79
24/04/2018 23.45,,235.87,,235.87
24/04/2018 24.00,,245.02,,245.02
25/04/2018 00.15,,245.36,,245.36
25/04/2018 00.30,,250.5,,250.5
25/04/2018 00.45,,249.71,,249.71
25/04/2018 01.00,,249.18,,249.18
25/04/2018 01.15,,246.15,,246.15
25/04/2018 01.30,,244.37,,244.37
25/04/2018 01.45,,241.76,,241.76
25/04/2018 02.00,,239.05,,239.05
25/04/2018 02.15,,235.94,,235.94
25/04/2018 02.30,,233.57,,233.57
25/04/2018 02.45,,225.49,,225.49
25/04/2018 03.00,,220.86,,220.86
25/04/2018 03.15,,217.21,,217.21
25/04/2018 03.30,,213.53,,213.53
25/04/2018 03.45,,212.16,,212.16
25/04/2018 04.00,,211.65,,211.65
25/04/2018 04.15,,207.71,,207.71
25/04/2018 04.30,,203.83,,203.83
25/04/2018 04.45,,201.62,,201.62
25/04/2018 05.00,,198.63,,198.63
25/04/2018 05.15,,197.37,,197.37
25/04/2018 05.30,,194.58,,194.58
25/04/2018 05.45,,192.55,,192.55
25/04/2018 06.00,,193.34,,193.34
25/04/2018 06.15,,186.78,,186.78
25/04/2018 06.30,,182.15,,182.15
25/04/2018 06.45,,175.17,,175.17
25/04/2018 07.00,,176.71,,176.71
25/04/2018 07.15,,169.65,,169.65
25/04/2018 07.30,,171.62,,171.62
25/04/2018 07.45,,168.73,,168.73
25/04/2018 08.00,,165.22,,165.22
25/04/2018 08.15,,166.73,,166.73
25/04/2018 08.30,,161.81,,161.81
25/04/2018 08.45,,149.65,,149.65
25/04/2018 09.00,,144.17,,144.17
25/04/2018 09.15,137.93,,,137.93
25/04/2018 09.30,126.19,,,126.19
25/04/2018 09.45,112.61,,,112.61
25/04/2018 10.00,106.22,,,106.22
25/04/2018 10.15,100.41,,,100.41
25/04/2018 10.30,101.51,,,101.51
25/04/2018 10.45,99.06,,,99.06
25/04/2018 11.00,93.54,,,93.54
25/04/2018 11.15,92.69,,,92.69
25/04/2018 11.30,89.72,,,89.72
25/04/2018 11.45,89.04,,,89.04
25/04/2018 12.00,87.2,,,87.2
25/04/2018 12.15,89.59,,,89.59
25/04/2018 12.30,97.49,,,97.49
25/04/2018 12.45,93.85,,,93.85
25/04/2018 13.00,93.45,,,93.45
25/04/2018 13.15,94.8,,,94.8
25/04/2018 13.30,97.57,,,97.57
25/04/2018 13.45,95.67,,,95.67
25/04/2018 14.00,94.96,,,94.96
25/04/2018 14.15,95.45,,,95.45
25/04/2018 14.30,95.01,,,95.01
25/04/2018 14.45,95.8,,,95.8
25/04/2018 15.00,97.59,,,97.59
25/04/2018 15.15,95.35,,,95.35
25/04/2018 15.30,98.53,,,98.53
25/04/2018 15.45,98.12,,,98.12
25/04/2018 16.00,106.38,,,106.38
25/04/2018 16.15,106.2,,,106.2
25/04/2018 16.30,109.64,,,109.64
25/04/2018 16.45,109.15,,,109.15
25/04/2018 17.00,111.03,,,111.03
25/04/2018 17.15,114.7,,,114.7
25/04/2018 17.30,116.85,,,116.85
25/04/2018 17.45,114.25,,,114.25
25/04/2018 18.00,111.62,,,111.62
25/04/2018 18.15,111.43,,,111.43
25/04/2018 18.30,114.04,,,114.04
25/04/2018 18.45,113.46,,,113.46
25/04/2018 19.00,118.99,,,118.99
25/04/2018 19.15,120.38,,,120.38
25/04/2018 19.30,120.75,,,120.75
25/04/2018 19.45,127.01,,,127.01
25/04/2018 20.00,129.91,,,129.91
25/04/2018 20.15,126.77,,,126.77
25/04/2018 20.30,127.28,,,127.28
25/04/2018 20.45,135.59,,,135.59
25/04/2018 21.00,143.44,,,143.44
25/04/2018 21.15,150.1,,,150.1
25/04/2018 21.30,156.43,,,156.43
25/04/2018 21.45,162.43,,,162.43
25/04/2018 22.00,171.68,,,171.68
25/04/2018 22.15,,187.88,,187.88
25/04/2018 22.30,,199.54,,199.54
25/04/2018 22.45,,202.47,,202.47
25/04/2018 23.00,,211.34,,211.34
25/04/2018 23.15,,221.89,,221.89
25/04/2018 23.30,,230.82,,230.82
25/04/2018 23.45,,234.66,,234.66
25/04/2018 24.00,,238.18,,238.18
26/04/2018 00.15,,239.26,,239.26
26/04/2018 00.30,,245.32,,245.32
26/04/2018 00.45,,250.32,,250.32
26/04/2018 01.00,,246.66,,246.66
26/04/2018 01.15,,243.44,,243.44
26/04/2018 01.30,,244.76,,244.76
26/04/2018 01.45,,237.9,,237.9
26/04/2018 02.00,,236.29,,236.29
26/04/2018 02.15,,231.97,,231.97
26/04/2018 02.30,,229.86,,229.86
26/04/2018 02.45,,225.76,,225.76
26/04/2018 03.00,,221.71,,221.71
26/04/2018 03.15,,216.76,,216.76
26/04/2018 03.30,,216.94,,216.94
26/04/2018 03.45,,213.37,,213.37
26/04/2018 04.00,,210.03,,210.03
26/04/2018 04.15,,207.16,,207.16
26/04/2018 04.30,,201.73,,201.73
26/04/2018 04.45,,199.6,,199.6
26/04/2018 05.00,,196.6,,196.6
26/04/2018 05.15,,196.05,,196.05
26/04/2018 05.30,,194.54,,194.54
26/04/2018 05.45,,189.71,,189.71
26/04/2018 06.00,,188.39,,188.39
26/04/2018 06.15,,185.17,,185.17
26/04/2018 06.30,,180.42,,180.42
26/04/2018 06.45,,176.59,,176.59
26/04/2018 07.00,,177.52,,177.52
26/04/2018 07.15,,173.49,,173.49
26/04/2018 07.30,,170.38,,170.38
26/04/2018 07.45,,167.72,,167.72
26/04/2018 08.00,,171.71,,171.71
26/04/2018 08.15,,166.62,,166.62
26/04/2018 08.30,,159.8,,159.8
26/04/2018 08.45,,154.64,,154.64
26/04/2018 09.00,,151.36,,151.36
26/04/2018 09.15,138.94,,,138.94
26/04/2018 09.30,125.07,,,125.07
26/04/2018 09.45,124.9,,,124.9
26/04/2018 10.00,107.83,,,107.83
26/04/2018 10.15,97.59,,,97.59
26/04/2018 10.30,91.06,,,91.06
26/04/2018 10.45,85.19,,,85.19
26/04/2018 11.00,80.09,,,80.09
26/04/2018 11.15,76.91,,,76.91
26/04/2018 11.30,74.74,,,74.74
26/04/2018 11.45,76.83,,,76.83
26/04/2018 12.00,76.87,,,76.87
26/04/2018 12.15,79.35,,,79.35
26/04/2018 12.30,80.54,,,80.54
26/04/2018 12.45,79.49,,,79.49
26/04/2018 13.00,78.49,,,78.49
26/04/2018 13.15,81.77,,,81.77
26/04/2018 13.30,75.98,,,75.98
26/04/2018 13.45,72.51,,,72.51
26/04/2018 14.00,68.96,,,68.96
26/04/2018 14.15,69.72,,,69.72
26/04/2018 14.30,67.04,,,67.04
26/04/2018 14.45,74.27,,,74.27
26/04/2018 15.00,77.51,,,77.51
26/04/2018 15.15,84.74,,,84.74
26/04/2018 15.30,83.08,,,83.08
26/04/2018 15.45,79.11,,,79.11
26/04/2018 16.00,79.41,,,79.41
26/04/2018 16.15,78.53,,,78.53
26/04/2018 16.30,81.46,,,81.46
26/04/2018 16.45,82.3,,,82.3
26/04/2018 17.00,85.46,,,85.46
26/04/2018 17.15,88.7,,,88.7
26/04/2018 17.30,92.01,,,92.01
26/04/2018 17.45,96.86,,,96.86
26/04/2018 18.00,96.35,,,96.35
26/04/2018 18.15,97.8,,,97.8
26/04/2018 18.30,98.36,,,98.36
26/04/2018 18.45,103.59,,,103.59
26/04/2018 19.00,103.93,,,103.93
26/04/2018 19.15,102.78,,,102.78
26/04/2018 19.30,103.93,,,103.93
26/04/2018 19.45,107.72,,,107.72
26/04/2018 20.00,105.61,,,105.61
26/04/2018 20.15,109.51,,,109.51
26/04/2018 20.30,111.23,,,111.23
26/04/2018 20.45,113.51,,,113.51
26/04/2018 21.00,116.61,,,116.61
26/04/2018 21.15,123.91,,,123.91
26/04/2018 21.30,127.49,,,127.49
26/04/2018 21.45,129.93,,,129.93
26/04/2018 22.00,135.06,,,135.06
26/04/2018 22.15,,140.93,,140.93
26/04/2018 22.30,,143.04,,143.04
26/04/2018 22.45,,150.94,,150.94
26/04/2018 23.00,,157.94,,157.94
26/04/2018 23.15,,160.86,,160.86
26/04/2018 23.30,,164.97,,164.97
26/04/2018 23.45,,171.63,,171.63
26/04/2018 24.00,,177.62,,177.62
27/04/2018 00.15,,182.59,,182.59
27/04/2018 00.30,,183.04,,183.04
27/04/2018 00.45,,191.26,,191.26
27/04/2018 01.00,,187.02,,187.02
27/04/2018 01.15,,185.28,,185.28
27/04/2018 01.30,,181.71,,181.71
27/04/2018 01.45,,180.94,,180.94
27/04/2018 02.00,,176.33,,176.33
27/04/2018 02.15,,173.2,,173.2
27/04/2018 02.30,,169.59,,169.59
27/04/2018 02.45,,168.18,,168.18
27/04/2018 03.00,,164.12,,164.12
27/04/2018 03.15,,160.8,,160.8
27/04/2018 03.30,,160.31,,160.31
27/04/2018 03.45,,156.52,,156.52
27/04/2018 04.00,,152.23,,152.23
27/04/2018 04.15,,150.04,,150.04
27/04/2018 04.30,,146.25,,146.25
27/04/2018 04.45,,146.43,,146.43
27/04/2018 05.00,,143.99,,143.99
27/04/2018 05.15,,148.07,,148.07
27/04/2018 05.30,,142.65,,142.65
27/04/2018 05.45,,142.07,,142.07
27/04/2018 06.00,,141.56,,141.56
27/04/2018 06.15,,136.35,,136.35
27/04/2018 06.30,,134.56,,134.56
27/04/2018 06.45,,131.62,,131.62
27/04/2018 07.00,,131.69,,131.69
27/04/2018 07.15,,134.88,,134.88
27/04/2018 07.30,,131.59,,131.59
27/04/2018 07.45,,135.62,,135.62
27/04/2018 08.00,,130.01,,130.01
27/04/2018 08.15,,125.57,,125.57
27/04/2018 08.30,,124.62,,124.62
27/04/2018 08.45,,120.06,,120.06
27/04/2018 09.00,,122.43,,122.43
27/04/2018 09.15,117.9,,,117.9
27/04/2018 09.30,113.19,,,113.19
27/04/2018 09.45,100.43,,,100.43
27/04/2018 10.00,94.11,,,94.11
27/04/2018 10.15,93.33,,,93.33
27/04/2018 10.30,89.98,,,89.98
27/04/2018 10.45,89.11,,,89.11
27/04/2018 11.00,90.45,,,90.45
27/04/2018 11.15,86.77,,,86.77
27/04/2018 11.30,85.62,,,85.62
27/04/2018 11.45,83.4,,,83.4
27/04/2018 12.00,80.49,,,80.49
27/04/2018 12.15,76.53,,,76.53
27/04/2018 12.30,87.41,,,87.41
27/04/2018 12.45,90.48,,,90.48
27/04/2018 13.00,92.95,,,92.95
27/04/2018 13.15,92.91,,,92.91
27/04/2018 13.30,94.32,,,94.32
27/04/2018 13.45,92.78,,,92.78
27/04/2018 14.00,91.07,,,91.07
27/04/2018 14.15,91.24,,,91.24
27/04/2018 14.30,83.09,,,83.09
27/04/2018 14.45,87.8,,,87.8
27/04/2018 15.00,88.96,,,88.96
27/04/2018 15.15,89.09,,,89.09
27/04/2018 15.30,93.4,,,93.4
27/04/2018 15.45,90.28,,,90.28
27/04/2018 16.00,95.04,,,95.04
27/04/2018 16.15,94.24,,,94.24
27/04/2018 16.30,95.86,,,95.86
27/04/2018 16.45,96.48,,,96.48
27/04/2018 17.00,99.36,,,99.36
27/04/2018 17.15,97.36,,,97.36
27/04/2018 17.30,91.43,,,91.43
27/04/2018 17.45,87.99,,,87.99
27/04/2018 18.00,88.24,,,88.24
27/04/2018 18.15,86.99,,,86.99
27/04/2018 18.30,86.96,,,86.96
27/04/2018 18.45,90.41,,,90.41
27/04/2018 19.00,89.95,,,89.95
27/04/2018 19.15,90.96,,,90.96
27/04/2018 19.30,91.04,,,91.04
27/04/2018 19.45,91.74,,,91.74
27/04/2018 20.00,91.35,,,91.35
27/04/2018 20.15,88.85,,,88.85
27/04/2018 20.30,88.2,,,88.2
27/04/2018 20.45,92.72,,,92.72
27/04/2018 21.00,98.77,,,98.77
27/04/2018 21.15,98.99,,,98.99
27/04/2018 21.30,98.27,,,98.27
27/04/2018 21.45,98.59,,,98.59
27/04/2018 22.00,102.09,,,102.09
27/04/2018 22.15,,107.94,,107.94
27/04/2018 22.30,,111.46,,111.46
27/04/2018 22.45,,112.85,,112.85
27/04/2018 23.00,,113.07,,113.07
27/04/2018 23.15,,117.64,,117.64
27/04/2018 23.30,,119.12,,119.12
27/04/2018 23.45,,121.41,,121.41
27/04/2018 24.00,,123.64,,123.64
28/04/2018 00.15,,,126.12,126.12
28/04/2018 00.30,,,129.38,129.38
28/04/2018 00.45,,,130.35,130.35
28/04/2018 01.00,,,131.67,131.67
28/04/2018 01.15,,,133.7,133.7
28/04/2018 01.30,,,137.44,137.44
28/04/2018 01.45,,,136.25,136.25
28/04/2018 02.00,,,130.38,130.38
28/04/2018 02.15,,,130.48,130.48
28/04/2018 02.30,,,128.02,128.02
28/04/2018 02.45,,,128.22,128.22
28/04/2018 03.00,,,127.06,127.06
28/04/2018 03.15,,,122.61,122.61
28/04/2018 03.30,,,122.3,122.3
28/04/2018 03.45,,,119.56,119.56
28/04/2018 04.00,,,118.32,118.32
28/04/2018 04.15,,,116.82,116.82
28/04/2018 04.30,,,114.41,114.41
28/04/2018 04.45,,,112.11,112.11
28/04/2018 05.00,,,109.99,109.99
28/04/2018 05.15,,,111.98,111.98
28/04/2018 05.30,,,112.11,112.11
28/04/2018 05.45,,,112.54,112.54
28/04/2018 06.00,,,110.07,110.07
28/04/2018 06.15,,,105.85,105.85
28/04/2018 06.30,,,101.32,101.32
28/04/2018 06.45,,,101.77,101.77
28/04/2018 07.00,,,99.22,99.22
28/04/2018 07.15,,,99.91,99.91
28/04/2018 07.30,,,97.09,97.09
28/04/2018 07.45,,,97.46,97.46
28/04/2018 08.00,,,96.2,96.2
28/04/2018 08.15,,,96.91,96.91
28/04/2018 08.30,,,95.14,95.14
28/04/2018 08.45,,,91.33,91.33
28/04/2018 09.00,,,84.61,84.61
28/04/2018 09.15,,,82.74,82.74
28/04/2018 09.30,,,80.96,80.96
28/04/2018 09.45,,,81.24,81.24
28/04/2018 10.00,,,78.19,78.19
28/04/2018 10.15,,,77.09,77.09
28/04/2018 10.30,,,71.09,71.09
28/04/2018 10.45,,,70.16,70.16
28/04/2018 11.00,,,69.14,69.14
28/04/2018 11.15,,,66.72,66.72
28/04/2018 11.30,,,66.62,66.62
28/04/2018 11.45,,,63.06,63.06
28/04/2018 12.00,,,64.46,64.46
28/04/2018 12.15,,,62.93,62.93
28/04/2018 12.30,,,59.8,59.8
28/04/2018 12.45,,,58.9,58.9
28/04/2018 13.00,,,60.59,60.59
28/04/2018 13.15,,,58.9,58.9
28/04/2018 13.30,,,60.03,60.03
28/04/2018 13.45,,,57.11,57.11
28/04/2018 14.00,,,55.43,55.43
28/04/2018 14.15,,,58.45,58.45
28/04/2018 14.30,,,56.42,56.42
28/04/2018 14.45,,,57.85,57.85
28/04/2018 15.00,,,56.01,56.01
28/04/2018 15.15,,,54,54
28/04/2018 15.30,,,52.03,52.03
28/04/2018 15.45,,,54.16,54.16
28/04/2018 16.00,,,55.34,55.34
28/04/2018 16.15,,,53.72,53.72
28/04/2018 16.30,,,54.01,54.01
28/04/2018 16.45,,,56.3,56.3
28/04/2018 17.00,,,55.24,55.24
28/04/2018 17.15,,,61.72,61.72
28/04/2018 17.30,,,62.09,62.09
28/04/2018 17.45,,,60.98,60.98
28/04/2018 18.00,,,61.92,61.92
28/04/2018 18.15,,,65.8,65.8
28/04/2018 18.30,,,65.42,65.42
28/04/2018 18.45,,,67.24,67.24
28/04/2018 19.00,,,68.33,68.33
28/04/2018 19.15,,,67.9,67.9
28/04/2018 19.30,,,67.27,67.27
28/04/2018 19.45,,,67.62,67.62
28/04/2018 20.00,,,67.24,67.24
28/04/2018 20.15,,,69.41,69.41
28/04/2018 20.30,,,69.01,69.01
28/04/2018 20.45,,,68.74,68.74
28/04/2018 21.00,,,73.06,73.06
28/04/2018 21.15,,,74.25,74.25
28/04/2018 21.30,,,72.69,72.69
28/04/2018 21.45,,,75.85,75.85
28/04/2018 22.00,,,78.56,78.56
28/04/2018 22.15,,,78.04,78.04
28/04/2018 22.30,,,80.77,80.77
28/04/2018 22.45,,,78.53,78.53
28/04/2018 23.00,,,81.43,81.43
28/04/2018 23.15,,,84.93,84.93
28/04/2018 23.30,,,85.4,85.4
28/04/2018 23.45,,,86.7,86.7
28/04/2018 24.00,,,84.99,84.99
29/04/2018 00.15,,,87.7,87.7
29/04/2018 00.30,,,89.12,89.12
29/04/2018 00.45,,,88.62,88.62
29/04/2018 01.00,,,87.01,87.01
29/04/2018 01.15,,,88.91,88.91
29/04/2018 01.30,,,88.54,88.54
29/04/2018 01.45,,,87.91,87.91
29/04/2018 02.00,,,84.96,84.96
29/04/2018 02.15,,,86.2,86.2
29/04/2018 02.30,,,85.17,85.17
29/04/2018 02.45,,,84.87,84.87
29/04/2018 03.00,,,81.79,81.79
29/04/2018 03.15,,,79.96,79.96
29/04/2018 03.30,,,79.48,79.48
29/04/2018 03.45,,,79.75,79.75
29/04/2018 04.00,,,79.88,79.88
29/04/2018 04.15,,,80.35,80.35
29/04/2018 04.30,,,77.43,77.43
29/04/2018 04.45,,,79.64,79.64
29/04/2018 05.00,,,77.46,77.46
29/04/2018 05.15,,,78.25,78.25
29/04/2018 05.30,,,79.59,79.59
29/04/2018 05.45,,,77.27,77.27
29/04/2018 06.00,,,74.77,74.77
29/04/2018 06.15,,,72.98,72.98
29/04/2018 06.30,,,69.8,69.8
29/04/2018 06.45,,,71.58,71.58
29/04/2018 07.00,,,69.35,69.35
29/04/2018 07.15,,,71.16,71.16
29/04/2018 07.30,,,72,72
29/04/2018 07.45,,,69,69
29/04/2018 08.00,,,67.46,67.46
29/04/2018 08.15,,,67.25,67.25
29/04/2018 08.30,,,65.61,65.61
29/04/2018 08.45,,,67.46,67.46
29/04/2018 09.00,,,66.88,66.88
29/04/2018 09.15,,,64.85,64.85
29/04/2018 09.30,,,62.51,62.51
29/04/2018 09.45,,,60.21,60.21
29/04/2018 10.00,,,60.46,60.46
29/04/2018 10.15,,,61.88,61.88
29/04/2018 10.30,,,63.45,63.45
29/04/2018 10.45,,,63.43,63.43
29/04/2018 11.00,,,61.14,61.14
29/04/2018 11.15,,,58.92,58.92
29/04/2018 11.30,,,62.95,62.95
29/04/2018 11.45,,,63.53,63.53
29/04/2018 12.00,,,64.45,64.45
29/04/2018 12.15,,,62.22,62.22
29/04/2018 12.30,,,57.58,57.58
29/04/2018 12.45,,,59.83,59.83
29/04/2018 13.00,,,61.29,61.29
29/04/2018 13.15,,,60.32,60.32
29/04/2018 13.30,,,56.88,56.88
29/04/2018 13.45,,,57.17,57.17
29/04/2018 14.00,,,50.19,50.19
29/04/2018 14.15,,,54.19,54.19
29/04/2018 14.30,,,65.24,65.24
29/04/2018 14.45,,,62.42,62.42
29/04/2018 15.00,,,58,58
29/04/2018 15.15,,,60.54,60.54
29/04/2018 15.30,,,56.51,56.51
29/04/2018 15.45,,,66.53,66.53
29/04/2018 16.00,,,65.67,65.67
29/04/2018 16.15,,,66.32,66.32
29/04/2018 16.30,,,67.85,67.85
29/04/2018 16.45,,,71.48,71.48
29/04/2018 17.00,,,68.8,68.8
29/04/2018 17.15,,,70.46,70.46
29/04/2018 17.30,,,69.27,69.27
29/04/2018 17.45,,,72,72
29/04/2018 18.00,,,72.43,72.43
29/04/2018 18.15,,,73.24,73.24
29/04/2018 18.30,,,76.96,76.96
29/04/2018 18.45,,,75.93,75.93
29/04/2018 19.00,,,77.75,77.75
29/04/2018 19.15,,,80.43,80.43
29/04/2018 19.30,,,80.03,80.03
29/04/2018 19.45,,,80.12,80.12
29/04/2018 20.00,,,83.46,83.46
29/04/2018 20.15,,,87.04,87.04
29/04/2018 20.30,,,87.2,87.2
29/04/2018 20.45,,,90.43,90.43
29/04/2018 21.00,,,92.8,92.8
29/04/2018 21.15,,,95.64,95.64
29/04/2018 21.30,,,98.95,98.95
29/04/2018 21.45,,,102.95,102.95
29/04/2018 22.00,,,104.75,104.75
29/04/2018 22.15,,,104.3,104.3
29/04/2018 22.30,,,106.59,106.59
29/04/2018 22.45,,,107.15,107.15
29/04/2018 23.00,,,110.82,110.82
29/04/2018 23.15,,,116.15,116.15
29/04/2018 23.30,,,118.62,118.62
29/04/2018 23.45,,,122.96,122.96
29/04/2018 24.00,,,127.96,127.96
30/04/2018 00.15,,127.01,,127.01
30/04/2018 00.30,,124.81,,124.81
30/04/2018 00.45,,125.78,,125.78
30/04/2018 01.00,,127.56,,127.56
30/04/2018 01.15,,128.33,,128.33
30/04/2018 01.30,,128.19,,128.19
30/04/2018 01.45,,127.52,,127.52
30/04/2018 02.00,,122.8,,122.8
30/04/2018 02.15,,120.56,,120.56
30/04/2018 02.30,,122.57,,122.57
30/04/2018 02.45,,120.69,,120.69
30/04/2018 03.00,,116.12,,116.12
30/04/2018 03.15,,115.2,,115.2
30/04/2018 03.30,,112.32,,112.32
30/04/2018 03.45,,111.15,,111.15
30/04/2018 04.00,,109.06,,109.06
30/04/2018 04.15,,108.24,,108.24
30/04/2018 04.30,,104.85,,104.85
30/04/2018 04.45,,104.25,,104.25
30/04/2018 05.00,,101.98,,101.98
30/04/2018 05.15,,104.46,,104.46
30/04/2018 05.30,,106.24,,106.24
30/04/2018 05.45,,102.11,,102.11
30/04/2018 06.00,,101.09,,101.09
30/04/2018 06.15,,98.95,,98.95
30/04/2018 06.30,,98.25,,98.25
30/04/2018 06.45,,97.11,,97.11
30/04/2018 07.00,,96.98,,96.98
30/04/2018 07.15,,96.03,,96.03
30/04/2018 07.30,,99.35,,99.35
30/04/2018 07.45,,99.99,,99.99
30/04/2018 08.00,,101.09,,101.09
30/04/2018 08.15,,107.04,,107.04
30/04/2018 08.30,,105.51,,105.51
30/04/2018 08.45,,108.25,,108.25
30/04/2018 09.00,,107.32,,107.32
30/04/2018 09.15,102.4,,,102.4
30/04/2018 09.30,96.17,,,96.17
30/04/2018 09.45,90.82,,,90.82
30/04/2018 10.00,86.62,,,86.62
30/04/2018 10.15,76.88,,,76.88
30/04/2018 10.30,79.24,,,79.24
30/04/2018 10.45,77.56,,,77.56
30/04/2018 11.00,75.64,,,75.64
30/04/2018 11.15,73.48,,,73.48
30/04/2018 11.30,75.74,,,75.74
30/04/2018 11.45,76.93,,,76.93
30/04/2018 12.00,76.11,,,76.11
30/04/2018 12.15,75.25,,,75.25
30/04/2018 12.30,79.14,,,79.14
30/04/2018 12.45,77.62,,,77.62
30/04/2018 13.00,75.4,,,75.4
30/04/2018 13.15,76,,,76
30/04/2018 13.30,70.74,,,70.74
30/04/2018 13.45,69.46,,,69.46
30/04/2018 14.00,68.67,,,68.67
30/04/2018 14.15,75.53,,,75.53
30/04/2018 14.30,72.19,,,72.19
30/04/2018 14.45,67.79,,,67.79
30/04/2018 15.00,67.54,,,67.54
30/04/2018 15.15,65.51,,,65.51
30/04/2018 15.30,67.01,,,67.01
30/04/2018 15.45,66.95,,,66.95
30/04/2018 16.00,66.29,,,66.29
30/04/2018 16.15,65.46,,,65.46
30/04/2018 16.30,67.22,,,67.22
30/04/2018 16.45,75.11,,,75.11
30/04/2018 17.00,71.96,,,71.96
30/04/2018 17.15,74.46,,,74.46
30/04/2018 17.30,74.12,,,74.12
30/04/2018 17.45,77.37,,,77.37
30/04/2018 18.00,81.4,,,81.4
30/04/2018 18.15,83.28,,,83.28
30/04/2018 18.30,86.61,,,86.61
30/04/2018 18.45,89.56,,,89.56
30/04/2018 19.00,92.83,,,92.83
30/04/2018 19.15,94.17,,,94.17
30/04/2018 19.30,99.22,,,99.22
30/04/2018 19.45,104.96,,,104.96
30/04/2018 20.00,103.06,,,103.06
30/04/2018 20.15,105.83,,,105.83
30/04/2018 20.30,105.19,,,105.19
30/04/2018 20.45,110.22,,,110.22
30/04/2018 21.00,112.65,,,112.65
30/04/2018 21.15,116.86,,,116.86
30/04/2018 21.30,122.83,,,122.83
30/04/2018 21.45,127.09,,,127.09
30/04/2018 22.00,131.14,,,131.14
30/04/2018 22.15,,130.64,,130.64
30/04/2018 22.30,,135.67,,135.67
30/04/2018 22.45,,131.51,,131.51
30/04/2018 23.00,,134.57,,134.57
30/04/2018 23.15,,139.85,,139.85
30/04/2018 23.30,,144.97,,144.97
30/04/2018 23.45,,147.51,,147.51
30/04/2018 24.00,,150.17,,150.17